24.69378377607758
24.769767031241404
24.84043757610944
24.903127864555586
24.958068749732504
25.00433973458396
25.047283236754478
25.088980717015062
25.12823613943946
25.16527100560262
25.19984542055013
25.232217109849774
25.260840960758784
25.28740995658907
25.31232744480464
25.336213210443166
25.359219677122525
25.38057793989673
25.400895946332668
25.41898678718196
25.435731496391366
25.451433107191214
25.464384094346077
25.476325464564745
25.48665623660429
25.493594505337622
25.49764794369342
25.498573463399605
25.497015299316345
25.493008516645034
25.487830653051482
25.482789358112726
25.478159394115778
25.47370326283243
25.467732232670986
25.460277224471636
25.45123196333239
25.438817509050825
25.425021944412446
25.40918872984986
25.39266195233138
25.375456786671073
25.356959082543916
25.337236080203134
25.317737683786213
25.298151375643883
25.27679579956716
25.255329891191984
25.23268555029151
25.20982627218119
25.18570594642079
25.161008680616852
25.135812756959997
25.109772830049124
25.08374810631694
25.057832415398373
25.032509328498268
25.006998751491686
24.980775774891274
24.954107412322145
24.925915861045397
24.897316936971542
24.8685217881715
24.839918185374216
24.811589080102664
24.78332507337836
24.756014610679898
24.729129726182826
24.70187610211221
24.674118425355847
24.647718366910926
24.622586211685423
24.597962051045226
24.57240199366812
24.547147274704457
24.52146744619341
24.496458968938807
24.471501100068508
24.448253663416423
24.426877837421937
24.40534189206015
24.38400291633603
24.363302484365303
24.342552130147226
24.322685310067843
24.302984912502005
24.28313754220727
24.261853873071576
24.24111458347497
24.221806150655517
24.203960918222904
24.187281425149003
24.17105723507804
24.154953988377553
24.140295595270167
24.125332671738136
24.109459390201703
24.09410826816891
24.07949794238516
24.066299892752838
24.053550033156746
24.041270464196643
24.0289821683383
24.015226324270593
24.000866411497594
23.988144900359778
23.9765316359682
23.965436426415113
23.95529591483061
23.946406057912803
23.937955196624472
23.930472323196362
23.92314865389913
23.915874934539033
23.907875509363254
23.900309262258823
23.893503682394602
23.887462075620043
23.883778975289406
23.880487353429466
23.878280197804717
23.87561050744184
23.872397688326657
23.86984547647717
23.86711061448469
23.866153529181638
23.865469726036203
23.865101019699118
23.8650858869418
23.865562941278604
23.865995002674477
23.86746188884214
23.86855862697397
23.868643229365503
23.869292595802595
23.870511977506865
23.872549811318272
23.875739192878417
23.88035747848301
23.88551762312451
23.89007685719733
23.8918010261392
23.893526615209645
23.89689684373434
23.900914654005206
23.90633802817228
23.911474489000252
23.91669643331333
23.92188502285169
23.926938877524634
23.931615218513436
23.936134539078054
23.940615392034715
23.945396582991776
23.951203631155128
23.957408138139037
23.964173967954153
23.971696851110487
23.97850956581017
23.98430442611488
23.989815324760876
23.995569247226427
24.002883455783703
24.011440014478826
24.01851808578318
24.025746841714483
24.032485739042016
24.039849190215207
24.047030383534597
24.053871127416308
24.061662864485758
24.0696575300813
24.077111310309725
24.084228716794946
24.092166210805143
24.10095888037795
24.109662032943238
24.118274191448137
24.126788004310878
24.135691181230104
24.14359974443898
24.151313097062314
24.159861779241428
24.168655488755313
24.177362272668002
24.185330532067702
24.193321849519332
24.201925854908932
24.21041016095316
24.218661321371073
24.22801513063319
24.237876781178965
24.248101717408336
24.259519324154326
24.269743308494856
24.28133374453617
24.292868027175707
24.30352081301487
24.312189361869507
24.322175031507307
24.3330832510961
24.344671454315467
24.356102678945128
24.366110922964662
24.37694464972772
24.38835922019014
24.39976620869979
24.411668811609488
24.424383082159427
24.436211003055746
24.448537597524265
24.460557183035966
24.472571459986412
24.484601823491673
24.497768449348847
24.511205966617187
24.524692780508495
24.537567334264622
24.551152294699055
24.565422955298544
24.579170130393912
24.59200855853444
24.605073995390427
24.618680637901072
24.632080886309943
24.64639129678188
24.660744076770467
24.675156866110687
24.68824123275201
24.70190728787028
24.71509504752244
24.72935975007453
24.744779493591835
24.758888184906613
24.7709487665969
24.78398947154006
24.799349605026677
24.815289175029744
24.830562816089472
24.84469494913975
24.858302768292404
24.871352069022112
24.88536746645738
24.899421391169128
24.91330765665582
24.926800526139985
24.942159823697374
24.959088700115505
24.975902682142408
24.990770630378965
25.00397074806292
25.018997710306053
25.034532533790266
25.050022923778474
25.064789950176817
25.07813887437404
25.09181928130917
25.10709135012304
25.1228461427428
25.138338544090374
25.153440040065412
25.168880487248355
25.18311046579836
25.197931705891698
25.213419137655116
25.22834163933912
25.242975656873238
25.256627046289218
25.270542267243577
25.286451160329868
25.301438475410663
25.315858606007886
25.33019585550337
25.345749198849038
25.360168586085493
25.37436746236182
25.388139232195016
25.401859847964037
25.417115366293412
25.431936240337535
25.44671981796438
25.46187082093722
25.47667846581726
25.491084723897867
25.504464487981338
25.519009189160705
25.532992938893848
25.54642823119743
25.5603465750588
25.575396005887793
25.589595894818203
25.60323105079525
25.61773897942131
25.63204930189674
25.644844391307164
25.65983603592214
25.67463607530291
25.687998572483224
25.700625528436937
25.715883771134216
25.731177284928954
25.743562254964033
25.755392407312762
25.768425132647607
25.78248345905522
25.796533531647647
25.809725283476933
25.822992475565634
25.836674752349126
25.85049452119071
25.864413516931585
25.877604157407653
25.890049093469273
25.902299201010198
25.915067865877575
25.927924466219853
25.940311328496325
25.953586184730725
25.96704373236925
25.979723200705152
25.99210695740211
26.00532157223741
26.018321334781433
26.02981421221505
26.041707606999907
26.05602297662926
26.069265019567784
26.08112915561628
26.092690849870152
26.105401585958926
26.117765644000475
26.1285728353341
26.139323198571315
26.151013606097028
26.16341227113251
26.17481223538246
26.186938135770323
26.198931620792084
26.210594585001306
26.22134661967674
26.232238445421988
26.243594946941386
26.255307298770525
26.26673956592546
26.278609678243086
26.290470659632085
26.302476310646412
26.315649485842414
26.327533472371893
26.33793642360577
26.350131586311466
26.363298593737095
26.375449105052283
26.386619464352687
26.397946805893724
26.40965245887606
26.420643959642184
26.43212360915372
26.443699741084473
26.454087678488083
26.465902579863613
26.478274463270385
26.490172754040373
26.500564656594285
26.51184772679011
26.524183221590256
26.535378454075182
26.546655209760736
26.558065011998035
26.569296245157258
26.580243404142884
26.591180323004625
26.602597828786493
26.614135298407607
26.62531212900882
26.635948892945688
26.646584064924134
26.657612481832626
26.669408677969724
26.680599421522707
26.691738601265904
26.70299558490894
26.714288697981395
26.725876482599062
26.737216039318398
26.74777039621898
26.758431901619332
26.76971846474116
26.78111557721528
26.79278209302099
26.804608170993124
26.81613796614475
26.82778504313019
26.839747541030313
26.851225947152262
26.864003018428868
26.877276728191006
26.889469228778694
26.900626680053637
26.911857087290155
26.923298118734877
26.9346480471866
26.945417399760863
26.956957136941956
26.968903871252845
26.981209345159556
26.99333413202997
27.00611469969095
27.01928424888921
27.031812009762657
27.044129701508616
27.054953360144896
27.066994384823502
27.079597821996654
27.091847898478175
27.103924580694887
27.116604462705478
27.129277624773337
27.14135978504697
27.15350006190679
27.165583224249403
27.177357218717567
27.189506274715903
27.20214012623613
27.21572869495022
27.228624733568854
27.241058264399186
27.25248620677614
27.264100719891225
27.275906365968087
27.288312017069583
27.30027344139969
27.312953144913234
27.32534140112516
27.337604750251376
27.34995387428015
27.3613966513734
27.37307631833929
27.382804915681277
27.392628189194838
27.404255198890933
27.41488871133719
27.425719184786747
27.437178619370304
27.448453688878523
27.45949334957684
27.470909805217506
27.48196014966435
27.49270064258041
27.503773168041686
27.514939293006258
27.526827636833918
27.53778610993947
27.547392978501065
27.55823423687829
27.56999770393687
27.58017757097865
27.588789278632852
27.60058430300279
27.612549134275422
27.624303394773463
27.635459160305665
27.64467787249491
27.65376295863613
27.66316398727144
27.67223053416938
27.68074247223939
27.6896859819324
27.700574865800128
27.711397712742418
27.71982242099501
27.728029147567458
27.7381020837308
27.748674942334656
27.7592227908156
27.769850510848613
27.780760489751607
27.789753229430634
27.79826866239706
27.806921807412515
27.816966236799967
27.82740862386525
27.837644203470497
27.848577890736756
27.860212645243983
27.870673362937517
27.881077575724266
27.89139337744632
27.901178995597675
27.91120409726357
27.921517046923693
27.931221172389296
27.94010897899041
27.94922080564826
27.959386759317347
27.96973864389553
27.979851438510956
27.98961440816887
28.00055687633008
28.01118432274029
28.020892627938338
28.030691505281634
28.04064822365742
28.05053055204108
28.059214140367487
28.068369748095247
28.078200097064293
28.088501190220224
28.098258407476294
28.10747942164167
28.11717185155451
28.126575767690667
28.13580016202003
28.146210392575558
28.15573277799463
28.164755288509333
28.174428653055944
28.184224210706734
28.192966787918586
28.20140578221645
28.210510834439646
28.219344399586742
28.22790397044864
28.23789652027613
28.247681248487563
28.25613554835604
28.264522217238973
28.273618667966602
28.28098417762193
28.289114126941534
28.298142557161718
28.305563114892994
28.314093577657374
28.3239397551609
28.333618950339957
28.341772721897144
28.350191444908436
28.359442137081672
28.36800291767782
28.374946081654585
28.38259506846049
28.390817643567985
28.39889654109319
28.40704079244126
28.415273804601608
28.423560249236633
28.430568602034594
28.437503968580483
28.44574799728903
28.453811930454997
28.461338160504294
28.46922360403648
28.476821871942985
28.48409772504862
28.491886364096164
28.499609209858143
28.508274737816958
28.51643432085005
28.524052736725206
28.532109353658583
28.540242729220466
28.547943088629605
28.55485247867032
28.562659409099503
28.570185843071812
28.57823504692549
28.586719988025756
28.59551159343748
28.603793274070988
28.610911350214664
28.61827855257934
28.625512211047255
28.632955493482925
28.6401797022248
28.648543920938856
28.65671187802116
28.663696760743413
28.671295173810893
28.67867683149278
28.68580333851022
28.69181509109169
28.698778368394073
28.706631389797252
28.714041549673972
28.721419004359056
28.72916893032471
28.736704341233658
28.743283761656613
28.750569240005873
28.758511731236727
28.76627897673403
28.773544428787247
28.780631358369767
28.787925008857474
28.794994081996293
28.8014486072939
28.80867746913381
28.81594921298928
28.82245098065166
28.830021901765555
28.837700161960225
28.842154296588667
28.846545009492566
28.852587852457823
28.85678810632097
28.860660300095734
28.867352351192068
28.874812969138247
28.8802881148562
28.88566926317134
28.892096635569956
28.898235674054114
28.904042205675935
28.910209174051875
28.916922856954635
28.92346322500169
28.929770759160938
28.935760327006555
28.942347658116375
28.94862881961208
28.95425081158595
28.961176073087678
28.968423899888684
28.975017908237625
28.981699383153888
28.988043882806576
28.994319075994195
29.000177793028104
29.00662090244303
29.013036306227985
29.01898090876109
29.025420406259393
29.031532514651374
29.03764442715805
29.044389438478184
29.051433715496366
29.058093003224496
29.06399069446614
29.070128011432
29.07555392749215
29.08075327647012
29.08583224098516
29.0917447132421
29.098267166907274
29.10441579782987
29.11081078968131
29.117321707008557
29.123494764847123
29.129256257260362
29.13474011193701
29.140371811596385
29.146566428733117
29.152115384884915
29.157817446039452
29.163619022550865
29.16923846852143
29.175020767654726
29.181152744120638
29.186673918020777
29.19268817411833
29.19898353446095
29.205249006711078
29.211256774453748
29.217455484776988
29.223494510944953
29.229286872921712
29.23482264390204
29.241181379641116
29.24753707371621
29.253676049808405
29.25957143783604
29.265353778942664
29.271419416777825
29.277450780644084
29.283125793102478
29.288839561131795
29.294753822756874
29.301109610858013
29.307102680911264
29.313129100500902
29.31904318047122
29.324583246168928
29.330570625985054
29.337179051777213
29.34321871963519
29.348817737858695
29.35441656723001
29.36006730130685
29.366248151735938
29.372114033121285
29.378221520312728
29.384416670572925
29.390343739406095
29.39548021259586
29.400285887672904
29.405401647110754
29.41074920695484
29.41580792710091
29.42131458708271
29.42765625882022
29.43429670217991
29.440701762237715
29.446763119253507
29.452188220522988
29.457259560504937
29.46322422773063
29.46924716579117
29.474591349694194
29.48069379501938
29.48618411579462
29.49176302276225
29.497573825987086
29.503119660022943
29.50909922557679
29.51519044016034
29.521530760435255
29.52742739369663
29.532499307975502
29.537776466681258
29.542662275001263
29.54750110103847
29.553430261492704
29.559931267662513
29.565782677601216
29.571458058815377
29.576480697267318
29.580967065756187
29.585596064862344
29.59098945508735
29.59645568317418
29.601315793934162
29.607091500337084
29.612540251249506
29.61676755729549
29.621993230247053
29.62710723986204
29.63210822115881
29.637404153157743
29.643267533675022
29.64816090523253
29.65314118554897
29.658102395886136
29.662969584373144
29.66808095200288
29.67364292417311
29.67913816170949
29.684558741011294
29.690411613629028
29.69525799368852
29.699697731338336
29.70522383391449
29.7104837838047
29.71550010169054
29.721210262164426
29.726809298107106
29.73116629029584
29.735842325186027
29.740567861573357
29.745064274462866
29.74985997234907
29.755559687199487
29.761045568709626
29.766232154843138
29.77158333357209
29.77598269672706
29.780947099994734
29.78608031943997
29.790354609255076
29.795472025043402
29.800442644424024
29.805253259551083
29.810409015373104
29.815895378866347
29.821012168059514
29.82587949191061
29.83068122717294
29.834811275260115
29.839505433966526
29.843877039165253
29.849086626300974
29.854562884950614
29.859950415971717
29.865166438303422
29.86922887731566
29.873700796190334
29.8785290314332
29.882862265481375
29.888057979801964
29.893433414882367
29.89854007716164
29.903545417506102
29.908866188825417
29.913741420675287
29.918047792444384
29.92302021318281
29.92761312512772
29.932325066284644
29.93683878549036
29.94106209125233
29.945307851295354
29.9504591963286
29.95545767579875
29.960461113002417
29.965630748166046
29.9704008522179
29.974790273341974
29.979900756603488
29.985162451841823
29.98979454520109
29.9947847215696
29.999829192966338
30.00458191393753
30.0095787894751
30.014959916036062
30.019919587426045
30.02476071494143
30.029175566687055
30.03385118749561
30.03921952780044
30.0444109920856
30.04954064482686
30.054363316725876
30.059103506790237
30.063696134443475
30.06848503695362
30.07320381040278
30.07851292730546
30.08362584455373
30.088689418418486
30.093152734092527
30.097960152883438
30.102458706225033
30.10733054108334
30.112120550769347
30.117046279324086
30.12204381071969
30.126868953073856
30.13189208238844
30.13672054616116
30.141616764467617
30.14628566697875
30.150805878466226
30.155746132496613
30.160470827283312
30.165428927817995
30.170012219679528
30.17438103902095
30.17866865463333
30.183332563129454
30.18856778167427
30.193367891920737
30.197991744222907
30.20243566708825
30.207390883640723
30.211835090469318
30.216788915205722
30.2217430762342
30.22650923956258
30.231505255043906
30.236049197001886
30.240173337372752
30.24453907366192
30.2493404174843
30.253874571408595
30.25883062999293
30.263322537281205
30.267327884892627
30.270716518492303
30.275120856299246
30.278948483348024
30.28328658036997
30.288450799529297
30.291513066664123
30.295684372676664
30.300199044076944
30.3034624334367
30.307632804102596
30.312563343170453
30.316420147627085
30.319512246026306
30.323515715504353
30.326767407188328
30.330335686972735
30.335190909349627
30.339805253289725
30.344554594209697
30.34855579300102
30.352646023045843
30.356665650114707
30.360294772262293
30.365289407213258
30.37023829383232
30.374190930296532
30.378480768703145
30.382804169795516
30.38647120463274
30.390679619258822
30.396174999985284
30.40113237018157
30.40553144560552
30.409728192635335
30.413463055184813
30.41756983886399
30.421104760715515
30.42598751753642
30.43093576115906
30.435207732499588
30.439401355178557
30.44324500448561
30.447624169243145
30.451582308574963
30.456110864022662
30.461254172293863
30.465482783605452
30.46982063532646
30.473911218300614
30.47762738188212
30.48206999147745
30.486640074388852
30.491189895102423
30.495793034964933
30.499462633291444
30.50323280369875
30.506376315502788
30.510622185403776
30.515817226727073
30.5202855894065
30.524877496931687
30.52914191314233
30.532665974522306
30.53655189793988
30.541022857626366
30.545233893928845
30.550229798070276
30.554784919502644
30.558380659107005
30.56272939948968
30.566918791821863
30.571128573504957
30.57630344164842
30.581029833824314
30.585651219699862
30.589820272158946
30.593552921644488
30.59798856463301
30.60300604054032
30.608081119973708
30.612926370049422
30.617473207006128
30.620836145866093
30.625130091266215
30.628875708115288
30.63323532867656
30.63831921960771
30.64275419850183
30.647728798231025
30.652173446264776
30.656887242565283
30.661665694114234
30.665634568269944
30.670066345900654
30.67402675325766
30.677933576847693
30.682443708575576
30.687150969281003
30.692108657579475
30.696645664980537
30.700932863558567
30.705542276148222
30.710225745826097
30.71537887726352
30.719650781038048
30.723490686847907
30.728255164077783
30.73275813445715
30.73723674037953
30.74156510209797
30.74575448821896
30.750217510008135
30.753817504864422
30.758026305449228
30.761686472124236
30.766076011936462
30.770646992532278
30.774660760612463
30.778993939414807
30.783756746907486
30.787898873437864
30.793013208810763
30.796828843768314
30.800385332504383
30.8036219931923
30.806637561905497
30.810794813337615
30.815265850604227
30.819800147297766
30.824474212844848
30.828692801963903
30.832423871363154
30.836493366705177
30.84030196956929
30.844676706791574
30.849447405407112
30.85359036686996
30.858246135181176
30.862188307195616
30.866094482065428
30.870054624675753
30.874205203176004
30.878265284963238
30.881735294217574
30.88588406836902
30.889963566859112
30.894509574979686
30.899145699350285
30.90306613258374
30.90701352541641
30.911053544198342
30.91502714050156
30.919023719317025
30.92307907867912
30.927252931118474
30.93168964933353
30.935670906765008
30.94027810931927
30.94516811731829
30.94875638596259
30.95388721860884
30.95738926934115
30.960470463850157
30.964863666172484
30.968229311241416
30.972088413681384
30.976059410166606
30.980162439463097
30.98387271375751
30.987889913358586
30.99204191986269
30.994303619484707
30.997929183937067
31.001676379595718
31.00451264825219
31.008521651355036
31.012640648722694
31.01567876586241
31.019539906903688
31.02302324011967
31.026608168001594
31.030755216334786
31.032744692570496
31.03531181791117
31.038482966242597
31.041007095259307
31.044961796424708
31.049044889462508
31.05304541235579
31.056933933950766
31.06106768168077
31.064412618629767
31.06700060531997
31.070139988611047
31.07364279464875
31.077344577272083
31.081968144675184
31.08689546028256
31.08996361146046
31.093159358123096
31.096722681941394
31.098822070398896
31.10191682202867
31.10501543858547
31.10816428834873
31.112185727526473
31.115948461139787
31.119122568969665
31.123059041382103
31.12676173570496
31.13070847586655
31.13469160340102
31.137958972967642
31.14088875669806
31.144579519162342
31.148189507665943
31.152124416653685
31.156231705979334
31.160883573340882
31.165338022288516
31.168814069954095
31.17216368299381
31.17605933614094
31.179227205063796
31.183192073311137
31.18771412726263
31.19090547104082
31.19413963906275
31.19888158092769
31.20318294582947
31.20758145306926
31.212152006793247
31.21575768135476
31.219047435120217
31.222288636267166
31.22662885135904
31.23119678307807
31.235514374621616
31.240408093675903
31.244063635230322
31.24721506441514
31.250628491853977
31.254555507154972
31.258355586925084
31.262732068852202
31.267058564719633
31.270737914571775
31.27486067047181
31.279096411685853
31.283102316171203
31.287631926509448
31.29184321685683
31.295240800977332
31.29928648817044
31.30222783259572
31.306451080900516
31.31031942545718
31.31418941471106
31.318523034499158
31.32228007476168
31.325911999214576
31.32974479210582
31.333157661569892
31.336705669348078
31.34035144300401
31.344716048065806
31.349466152762417
31.353060769615556
31.357380380934732
31.3610879565247
31.365111833758
31.369703096438776
31.373518513842306
31.377426017301193
31.380510029612168
31.384047357933092
31.38790323245226
31.391749971076326
31.39646118805363
31.399881041676174
31.403307559220348
31.407225597539636
31.41078493045569
31.414987635128433
31.41952583508946
31.423187017086555
31.427199029952337
31.43081361642704
31.435346921235137
31.440169010580252
31.44429427827692
31.449047530212013
31.45261542576575
31.45576866249035
31.459975464164096
31.463516678096145
31.46735938749284
31.47184358086514
31.475573331506844
31.479037035319955
31.482096892161543
31.485581967163153
31.489304079045233
31.493385350306042
31.497840141318267
31.500780187050378
31.504552147757376
31.508621817303847
31.512978504891652
31.517673875905285
31.521527815799736
31.524520404583356
31.52769232279107
31.531655863672242
31.536135038993116
31.540214132225792
31.54463076433544
31.547802427384227
31.55105683735643
31.554987288773127
31.55835584830926
31.561988040944936
31.56445462400956
31.567971924577467
31.57181605455269
31.57524783912187
31.579407460499258
31.583132920139505
31.586331590067648
31.59017749592678
31.59339998185168
31.59638866806473
31.599904928866096
31.602992301551886
31.60644353307539
31.61002635743575
31.6134740679494
31.61732194598699
31.621165411459895
31.62507653574025
31.628830486608457
31.632001727919175
31.63538979801201
31.639177611434608
31.642352510551902
31.64660708168935
31.65033459452674
31.65326032505833
31.65655807911737
31.659857336233934
31.663444278833623
31.667729453101554
31.67189467123903
31.67492961687245
31.67778346278085
31.68120724897935
31.684304572556428
31.68766357914961
31.69173369367883
31.69497358989723
31.698914728981947
31.702512861817056
31.70617911413336
31.710467380265364
31.713287107327155
31.716330129084756
31.719648593846745
31.722526592542582
31.72625469956494
31.729635157208193
31.732592410068108
31.73622918011134
31.73970250651676
31.74332020626781
31.747558572748964
31.75148385772284
31.755221200649935
31.75886075013539
31.7618866525148
31.7648272585608
31.76871406060782
31.772173920841343
31.775476301566947
31.77825059033962
31.781770342520545
31.7843471659736
31.78796297278104
31.79157486492704
31.794452740744955
31.79743576850246
31.800614729948123
31.803997942970383
31.807260540740103
31.811051335603718
31.814130994544477
31.817233945845842
31.82032075159323
31.82345018332134
31.827121395732107
31.83042441043834
31.834053536524213
31.837711452360974
31.840817588453962
31.844421514121684
31.84675027943483
31.849376810209943
31.8524551825648
31.85558167294246
31.85982771272429
31.86310634909193
31.86597179158284
31.86894396090348
31.87216017061744
31.876346365970107
31.8801236257759
31.88368707901157
31.887039865088486
31.889861829966968
31.892662366180215
31.895538421005163
31.898494922698006
31.90211060959569
31.905236958155207
31.908396174633417
31.91244601641508
31.915310394349056
31.918581375646905
31.921478758972267
31.92452604104918
31.92838682852329
31.931347014774843
31.9351639167555
31.938397406413713
31.940884401515394
31.944849573544936
31.94826422528443
31.951667836154748
31.954420398803393
31.957534165090653
31.960571174343265
31.96413212282387
31.967619685188634
31.97116715066968
31.974624975246677
31.978215956347597
31.98139256454003
31.984617491975193
31.987577182460424
31.99029113122291
31.99427769865736
31.997624200593346
32.00129846202687
32.00488390927734
32.008067875764326
32.01238872743873
32.016409394926214
32.01874131992561
32.02161666548704
32.02445553904297
32.02756448606875
32.03166959604349
32.03385720089727
32.036904029613986
32.03823962558291
32.04059416965572
32.043701220983124
32.0466101717387
32.05078521760981
32.05358172903899
32.0565793765331
32.059143402251145
32.06279618223425
32.06696722173255
32.07050908715927
32.07363659526044
32.07672885044898
32.07883595448597
32.08270414349941
32.08557698271668
32.08921196141287
32.092559681451284
32.09502771287244
32.098238717067304
32.10089250586683
32.103799433382285
32.10737722291341
32.110066826678775
32.11378372436727
32.11750542656237
32.12033956951603
32.123182960452816
32.12570394229812
32.1287787176297
32.13207888090478
32.13529702171969
32.13902227066124
32.14189498890629
32.14500396756673
32.14825739338159
32.15129909263339
32.15439690386907
32.15727791624389
32.16037984780975
32.16472715167635
32.168447662210596
32.17188130866862
32.17463245369274
32.17706455128753
32.18008546590143
32.18345909794371
32.187518552409394
32.19090536652563
32.19320914924967
32.19633796036358
32.19895993178865
32.20258958273549
32.20629298122604
32.2090871530702
32.21275784891452
32.21483791573932
32.217584375570155
32.22010000216437
32.223259351711576
32.226159390285204
32.22844716210829
32.23172001650455
32.23423763859974
32.23655526617635
32.23977123377624
32.24230863294555
32.245834955414125
32.249090991252544
32.251704280164454
32.25430567177794
32.256462328531995
32.25908273962778
32.26239660778623
32.265864578312105
32.269101714104536
32.27112360846251
32.27398286975014
32.27710665134141
32.27989716939937
32.283042689832115
32.2857982925911
32.288905816132306
32.29279103495434
32.295184235188195
32.29834384672017
32.30071115100379
32.30325645313113
32.30693146617976
32.309897842002385
32.312514166019575
32.31531305594177
32.31735612229293
32.319407570312315
32.32277172691718
32.325348653230705
32.32816912937673
32.33071317854643
32.33360827238489
32.33650643895856
32.33929213772458
32.34244702313143
32.345057972299585
32.34744169250735
32.349910251891316
32.35228643335317
32.35571502606342
32.35907034502705
32.36252642819154
32.36465369033197
32.367530130643644
32.36931781421101
32.372434088593174
32.37560487524536
32.378119507768574
32.381197564211874
32.38333423317502
32.385953099273415
32.38786802253356
32.39064107170641
32.393811228433506
32.39584915962264
32.398810430443135
32.4004920553246
32.403182176472164
32.40595934362083
32.40752138849188
32.40989992900423
32.411481253726265
32.41386027332814
32.41717121255081
32.419570471411205
32.42164496513824
32.42428578556461
32.42667985347791
32.429021570220996
32.43148740479148
32.43334426744233
32.435781411540525
32.437645041688356
32.43954230834977
32.44243367064263
32.44507535334546
32.44775222903965
32.45058169211201
32.453479163482875
32.45580031937873
32.458459676185925
32.460902044564904
32.46323548498396
32.46625427158571
32.46847413388728
32.47082445839803
32.473443226598846
32.475392773493574
32.47825929103495
32.48081940017148
32.482796284541806
32.48607607175685
32.48801906261574
32.49075340289898
32.493445905559625
32.495831669020674
32.49879072077793
32.50061319373521
32.502757843904696
32.5061338996633
32.50853755701861
32.51230691713278
32.514829286874104
32.51788245197659
32.5201445615803
32.52274705190563
32.52535597946222
32.52732449833285
32.529891143900414
32.53242880738176
32.535109953154624
32.53802015975298
32.539873307419775
32.54254135860841
32.544974451050706
32.54712301455936
32.55027255291266
32.5528543720598
32.55536644762657
32.5580909493288
32.55998264163014
32.56241772189431
32.56510566919716
32.5675094523166
32.5702634060032
32.5730565768574
32.57565992430088
32.57821084253146
32.58088744384888
32.58319271623408
32.586485952052364
32.5890444144239
32.59129371839741
32.593474363346104
32.59631588679023
32.59889572382245
32.601745404631394
32.603973940503934
32.60617893213691
32.60919829946403
32.611466165711526
32.614481246403486
32.616350017323384
32.6189616589624
32.62156070327716
32.62550978547873
32.62797407010738
32.62980826315093
32.63176131487842
32.63426433272715
32.637647956096735
32.64084851996216
32.643296995036266
32.645480265430734
32.64769126473232
32.650581367154516
32.65333085703872
32.65575565995491
32.65794716915259
32.660597541699346
32.66297749675888
32.66563643050608
32.66803274997547
32.67002451571953
32.67285807731333
32.674941780407295
32.67773694493129
32.680731716851994
32.683157177748086
32.686318167270784
32.68882494899378
32.69121270696535
32.69382889960187
32.69691723110022
32.69952652781124
32.70215743133516
32.705025359006925
32.70686451115771
32.70986116590829
32.711926858547585
32.714252999453706
32.716295257225156
32.71855589075252
32.72120224414018
32.7241687321682
32.72664193566237
32.729545809270604
32.73181505657363
32.73421681337644
32.73665780837355
32.738706527936216
32.7410657681468
32.74387129068548
32.7468731826336
32.749633591191554
32.75180080181734
32.75451645960845
32.75639327018863
32.75873193641451
32.76140821908133
32.76434638379093
32.76713344141214
32.7695326026025
32.77193257911665
32.774032745826325
32.776556907767
32.778561520569795
32.78049899383289
32.78297282072803
32.78524539518041
32.78850702732956
32.789596947991726
32.79167288999065
32.792686444116605
32.79412215668769
32.79740630671918
32.79966244387194
32.80243406586049
32.80412981964544
32.8052054662198
32.80742444809004
32.8101755121441
32.812546536966856
32.814869340969125
32.81629120254408
32.818726057191896
32.82128124873254
32.82412741336211
32.82621488953556
32.828133768385825
32.83013067924288
32.832195076875365
32.835157362882285
32.8381541169591
32.84024466230845
32.84285590863832
32.844380482449964
32.846928141089734
32.84933960701323
32.85162627327563
32.854808421971725
32.85729135901805
32.85956963626734
32.8621374488963
32.86408871535408
32.86701069841688
32.8690225172486
32.871242725415414
32.873533461576805
32.87630608923612
32.87912939118007
32.881660493607406
32.883271280889396
32.885492651092264
32.8879130136926
32.89078550528363
32.89285722776803
32.89583775534137
32.89831080075557
32.90118788141256
32.903897228345954
32.90529771363935
32.90738358995413
32.90913173618944
32.91179450194163
32.914237325124596
32.91590379885228
32.9174631133299
32.91897792221929
32.922377502251
32.923993357579604
32.925904674689775
32.926530707211924
32.9277960108381
32.93028052206808
32.93184394744547
32.93407268495061
32.93511931827275
32.935417369013216
32.93776517530415
32.939516680170755
32.941681125922536
32.944913253124284
32.94655973461821
32.947915711172094
32.95017524991622
32.95155700583459
32.953796716838816
32.955758866382936
32.957262809786535
32.95971836928618
32.961508577225196
32.96421377467057
32.9659179570185
32.967533533049235
32.969529608630324
32.97109976704603
32.97341969563385
32.97664581620944
32.97923132993026
32.981422386954705
32.982917785419104
32.984256717290585
32.98653117681741
32.98917125023241
32.99186996203249
32.994406682592114
32.9954786002858
32.997266984415845
32.99929840376694
33.00168806479875
33.00407593582796
33.00591549395555
33.008000028402066
33.01032506458344
33.01261424650214
33.01458058297756
33.0170446654947
33.019050882797856
33.02075459750323
33.02243709571306
33.024226919841915
33.02643696725232
33.028836038630544
33.031378166909334
33.0336515761146
33.036088058155656
33.03857429918463
33.04094070894525
33.04337358266444
33.04546035600236
33.04758674837858
33.049939235467754
33.05213261957854
33.05470814211121
33.0565793086763
33.059290566265524
33.060901552851405
33.06297125886416
33.06589611210295
33.06806270779125
33.071250576742145
33.07326648983076
33.07538924782485
33.077824698654126
33.079555602229085
33.08223341205715
33.0840059572424
33.085932438253366
33.088837454468255
33.09115638405284
33.09380224889479
33.09539556752262
33.096624434762624
33.09892706076875
33.10054479440104
33.102489049957924
33.10494310827764
33.10646453324809
33.10924086338316
33.111036739197104
33.11300226194124
33.11494133266103
33.116551521276676
33.11778844368032
33.11957651684025
33.121471126688064
33.12355785876457
33.12567565590386
33.12705302741372
33.12869152768934
33.13084654666666
33.13245950179037
33.13433600590598
33.13674611580971
33.13868414331316
33.14002823577517
33.141520215802714
33.143365749895665
33.14541224450258
33.147564295346214
33.14981877208702
33.151535859501166
33.153675401278136
33.155968540579394
33.158191689234144
33.160251342660644
33.162403493725996
33.16452212101214
33.16658194335916
33.168193318742695
33.17038979715592
33.172972351131676
33.17593911245864
33.17851675864142
33.17965281454936
33.1812885727349
33.18381234874658
33.1867986706144
33.18878857162341
33.19054199315409
33.19214196937927
33.19398719593687
33.19633225573371
33.19835221288979
33.20014681141663
33.200372426424686
33.20196497311499
33.20284229677612
33.2048663513732
33.20671318293367
33.208320657080776
33.21002376779554
33.21200526807956
33.21479354872789
33.21706566439168
33.21796402268183
33.219193596993996
33.22075274429777
33.22349212636015
33.22558015829672
33.227939130910386
33.229712783471015
33.23095216817328
33.23287850741308
33.23459078822658
33.23689117917677
33.23816924950003
33.239690808412966
33.24224796750968
33.24441220529928
33.24683267068754
33.24825540496847
33.25049090586355
33.25233657463828
33.25447933132199
33.25676732714229
33.25850345156023
33.260606250459844
33.26237741952683
33.26357703449709
33.2656831613854
33.26687021355414
33.26887788981764
33.27129341004817
33.27298492192122
33.275411506238804
33.27690129811258
33.27851072503751
33.279869702929645
33.281728544893234
33.28404054636714
33.28581520488133
33.28763092975784
33.28933296662583
33.29161263663789
33.29345087747454
33.29565870508584
33.29722683793042
33.298434790464604
33.30093393746382
33.303111608978575
33.30497058989174
33.3060821892651
33.30792111258474
33.309834505794036
33.31121918588159
33.312802075986724
33.31375323208259
33.31572793258352
33.317317426676794
33.31941616514073
33.32091127091044
33.32207023885814
33.32397538887052
33.32625437399728
33.32862793850556
33.331009620904425
33.33284565017321
33.333887121947285
33.33621887547946
33.33830861888976
33.34057403776468
33.3422846643447
33.343856984303414
33.345707626929475
33.34813042310008
33.35005418233184
33.35205819565924
33.3540235887159
33.35587143839912
33.35779152235592
33.35964462051055
33.361950996051476
33.36443392343985
33.36691189762724
33.36882684961334
33.37077536004787
33.37274875539287
33.374621409797626
33.376939455245896
33.378070235118564
33.38010481772729
33.382367936844176
33.38353668925698
33.385071824857974
33.38562943110094
33.38771469713872
33.389225083801676
33.39121767835771
33.39172680736249
33.39355236985525
33.394880209582865
33.39757129919592
33.400327228853996
33.40265883396066
33.404178982276534
33.40567790298906
33.407674485486474
33.408990555120816
33.411039779284536
33.413068522739046
33.41518293119691
33.417219259847954
33.41916493789604
33.420766699116186
33.42328106237652
33.4247712449416
33.42722234582189
33.42923739851473
33.43121650458286
33.433926647864304
33.437086200620165
33.43898835118662
33.44101655781884
33.44230826103301
33.44474705158308
33.446719649885736
33.44879816341121
33.450415103000026
33.45237426976159
33.453793623983266
33.45661920504262
33.457530111072835
33.458795092107856
33.46049389664207
33.46247370375576
33.46506799251014
33.46557904362872
33.46729370458168
33.46928595760633
33.47095876100884
33.473326173804594
33.47419619288736
33.475230832787005
33.47766692741374
33.479829521838
33.48162688283784
33.48224544474213
33.48317544442209
33.485284211883595
33.48734986696375
33.48984409050273
33.49093009368297
33.49180091157228
33.49348702983625
33.494895080771016
33.49754424601242
33.49897962190053
33.500129607030075
33.50176774532158
33.50341788918171
33.50590544603086
33.50658052339765
33.50813418449582
33.509582836236774
33.5118205350327
33.51432182207874
33.515689362617714
33.51689928303579
33.51797199734516
33.520580525075026
33.523416858740916
33.525429289175726
33.52649291260305
33.52697508472613
33.52858085457366
33.53041899670255
33.53249177554054
33.53475875265345
33.53570761447865
33.537081337467484
33.53864464745755
33.54081464316565
33.54317542782433
33.54364957571275
33.545204286845866
33.54726494814413
33.549291502848206
33.55142310947103
33.55289595726734
33.55438177509832
33.55621534030752
33.55822038829369
33.559939967194865
33.561252660237415
33.562060513305035
33.563628851739146
33.56628306703052
33.56825243718481
33.56998769718542
33.57125456118719
33.57290552860465
33.57557407742159
33.57758540061059
33.57952053103834
33.58003733415947
33.58118120793587
33.58240758454913
33.58514233275823
33.587219484200084
33.58843120204905
33.58955066996462
33.591274061871474
33.59305557340396
33.59523796397608
33.597596540771434
33.599417700557844
33.601199022472365
33.60216811339596
33.604171869529054
33.60543495322826
33.60717738159414
33.60915322910312
33.61059276262924
33.61168011627375
33.613123071454716
33.61485172995265
33.61696880876732
33.61791699771362
33.619214925252585
33.62071725432551
33.623089400399394
33.62522403269317
33.62682347501479
33.628340876324295
33.63023235441196
33.631947689364395
33.634270381654325
33.63510849829175
33.63778415342034
33.63840600187126
33.639682245920895
33.63994940245896
33.640962683049295
33.642972606854485
33.64407711203364
33.64622174050443
33.647428118837844
33.649435860751815
33.651710454717694
33.65355346555036
33.655911129683446
33.65684422899349
33.65815419364186
33.659789570876804
33.66185201152058
33.66393622764416
33.66539629539558
33.66710760998091
33.66877893917953
33.670909984659595
33.67349233134784
33.67477379204025
33.67621856523823
33.67762168099632
33.67942710311351
33.68142421516189
33.682850400562245
33.684648965123976
33.685813099930215
33.68744615268406
33.68942194122413
33.69181586991095
33.69355396073803
33.69407523006873
33.695679341531026
33.69771534729962
33.700142773504325
33.702082486651065
33.70319883757167
33.70534642113303
33.70663207202575
33.70799449939995
33.71015619711829
33.71199684741547
33.71422193425215
33.715569505566776
33.71726207681392
33.71991064620918
33.721209126573946
33.7234228039648
33.72491520310995
33.727302716241894
33.72905578562373
33.73040868748349
33.73229217272225
33.73373019475952
33.735665881433064
33.737776661269464
33.739097623977884
33.74088958122656
33.742379529168886
33.74354130501217
33.74535952499568
33.74650553873191
33.748520913540375
33.750389155010296
33.75162936773848
33.75298674802839
33.754555650603905
33.756544992063226
33.75820118149867
33.759950780200626
33.76080707439149
33.762677923356364
33.764748144402205
33.76598092843457
33.7681177474668
33.769069012379475
33.77132486539261
33.77329771021287
33.775213746413414
33.77672519363705
33.77805173761303
33.779898899990066
33.781296817285586
33.78294907876069
33.784345148795936
33.78626198312774
33.78854948796053
33.79014118830596
33.792106024896356
33.79299054498086
33.7948073270251
33.79602213898935
33.79749882148806
33.79925054684891
33.80064409657388
33.80276576460166
33.80387230693673
33.80541525083683
33.807279944153706
33.80908165826433
33.81146990513025
33.81216278188233
33.81352811378322
33.81511722622421
33.817181930630504
33.81846220593302
33.81963802556782
33.8221520909989
33.823844200463384
33.82587371143544
33.82685622935985
33.82860463699496
33.831097555675974
33.83226998808069
33.83412773871946
33.834412153609094
33.83549949979315
33.83791790294953
33.838660430120036
33.840126376716114
33.84059054234637
33.84166184407695
33.843751759784205
33.84479962966083
33.84565406727572
33.846954832130926
33.848552858846986
33.84998424378308
33.85151413852316
33.85229208407398
33.85347144401612
33.85524875281909
33.8563780630241
33.857851679335
33.85859005869439
33.860131824283364
33.862212807487374
33.86410325052742
33.86590006413001
33.86725028766654
33.8681675289848
33.8690125953332
33.86987144854545
33.87179643051218
33.8731101679601
33.87503691803293
33.87611322294212
33.87776031743417
33.87951262593234
33.88049788894525
33.882372805273505
33.88429171922909
33.88572957935871
33.88714164546585
33.88858889416627
33.890038428695995
33.89147191183951
33.89272823938541
33.89461481604526
33.895725350491496
33.89662031381234
33.8987699425648
33.90053068443293
33.90211863721124
33.90243039281207
33.90399903911338
33.905432549138666
33.90737549903384
33.90958191122683
33.910872761232575
33.91269931711152
33.914416014594565
33.91587361339445
33.917303745550534
33.91861502107224
33.92059850818431
33.9222958743373
33.9239561596101
33.92518075810929
33.92664959261824
33.928693548597685
33.930296116652066
33.93220379107052
33.932279340596395
33.93343233280624
33.934589435647894
33.93553476763782
33.93679522308886
33.93756310108922
33.938972432497
33.94018780860206
33.940867866745265
33.94273817155298
33.944153827304866
33.945566972387134
33.94674760395851
33.94832974572664
33.94998444765964
33.95075983164433
33.95199296780034
33.9526988841389
33.953956210377555
33.95608004835951
33.957382237795876
33.95875856174096
33.95990362546999
33.96118368656098
33.96268882953913
33.96410531472102
33.965244315405144
33.966810308117125
33.96811551550242
33.96974655741851
33.97135915302516
33.97244698016224
33.973866033896556
33.97520804568215
33.976916791781534
33.97830339056063
33.97952141245972
33.9800234930812
33.981075996744885
33.98209039266052
33.98328495364231
33.984879903052395
33.98542036315493
33.98644542182716
33.98830345725371
33.98979319169457
33.99081316314361
33.9918986235776
33.99337381827485
33.99535860319622
33.99642286928981
33.997957020835
33.99904661516874
34.00064198901862
34.00119038464413
34.0027540633905
34.002905980308114
34.0046422780837
34.005737514789296
34.00748257281166
34.00884852668616
34.00923368691268
34.010812774774664
34.01252926359013
34.013802264079956
34.01510642827795
34.0151912300867
34.01668476496252
34.01793302660006
34.01972507874779
34.02143006522852
34.022378752393266
34.02380721170266
34.024471345466274
34.025920334360265
34.02758405572479
34.029017952999574
34.03031963489658
34.031408781884174
34.032961017399366
34.03384429463958
34.0344886709128
34.03564148607973
34.03697740588257
34.03912249184123
34.039970721006526
34.04184430702965
34.04272279094246
34.0439510747602
34.045461966837905
34.04697157305382
34.04925238710527
34.04955246807538
34.051027427414944
34.05259708283762
34.05438920532656
34.05604817097796
34.05658322827065
34.05769058793188
34.058482024058485
34.06009397933611
34.06207504426429
34.06281138192002
34.064460991581825
34.066077183419175
34.06737159127196
34.06902308676493
34.07006864165734
34.071619291242435
34.07314167534415
34.074298302352545
34.07569803322646
34.07658471043455
34.0783942268927
34.07957829110386
34.08094507840636
34.08210101725743
34.083092209272856
34.08499648602596
34.086543051308965
34.087437524371424
34.08840389623154
34.089710432447156
34.091651327286726
34.09333920715027
34.094287786653645
34.09505838223012
34.0964234527629
34.097826168287625
34.09967939442764
34.10112644725197
34.102083075406874
34.103846107446444
34.105609076708646
34.107538585484924
34.108660288839395
34.11006862457056
34.11087784223832
34.11215657810273
34.11350048871735
34.115066727827745
34.1166893100931
34.11776204057308
34.11941716607145
34.12036351500244
34.12214912837949
34.12345066480629
34.124378931290785
34.125771844739354
34.12729643939634
34.129629073840604
34.13083765460013
34.132385137792795
34.132696095272664
34.13400415929569
34.135004173136224
34.135921853849645
34.13780985734129
34.13857031883997
34.14021341188204
34.14119024551402
34.14275181592315
34.14396782063378
34.145207156238726
34.146897214963296
34.147797845795644
34.14958993698732
34.15069489379812
34.151971215412395
34.15364440173694
34.15510400512716
34.15678415796807
34.157453677358795
34.158827400326174
34.16067681453861
34.161581715289344
34.16319276791135
34.16426387242974
34.16574014066348
34.16742487531747
34.16882682080952
34.1705073946145
34.172045804991235
34.17327284138791
34.1748359641564
34.17568441943822
34.176909750766015
34.17776279593039
34.1792656489774
34.18049697920877
34.18184129041923
34.18236753739224
34.18357907173288
34.18346365577837
34.18459545903592
34.185994810834394
34.187431733340304
34.18864894974541
34.18921307956258
34.19091420135262
34.191876306383016
34.19291840443592
34.19423284437958
34.19464010126412
34.19578920918696
34.196784682168314
34.19825128365382
34.19993502198653
34.20008525323795
34.201540051881345
34.20192520888018
34.202801516005735
34.20398301171741
34.20512556661401
34.20699991251852
34.20737668887249
34.20849230331642
34.20974171653752
34.21023208407897
34.21139710575818
34.21215489578832
34.21359241208579
34.21474138644575
34.21591565652742
34.21719011239837
34.218319770247625
34.21925919064674
34.22031125337358
34.221366774683005
34.22250031292431
34.22430150378013
34.22583104940527
34.2270871657456
34.22747556516702
34.228875594178064
34.229013482295315
34.23044332167756
34.23183852365595
34.2324768740444
34.23380299473731
34.234474555023105
34.236135824149045
34.23695085603115
34.23803447856307
34.2394892235947
34.240156826855255
34.241456461710925
34.2421811729172
34.24334399393696
34.24495755400453
34.24563747518009
34.24737286942404
34.24817037225224
34.24944899669785
34.25099666617891
34.25141474421871
34.252563002221066
34.253871901901796
34.25535667615701
34.25620876157282
34.25693274939959
34.258162661175
34.259618558956234
34.261253171837296
34.261136569029446
34.26159500333863
34.26333462898464
34.26495910842631
34.26593498933583
34.26591971539517
34.26719830283316
34.26886567974663
34.269788713131305
34.27142654530471
34.27209885749433
34.27312042138824
34.2738612289452
34.274903579715414
34.27619128284419
34.27701105379231
34.27910446041451
34.27932576193041
34.28002048402051
34.281532131256206
34.28286640532464
34.28431962642719
34.28535454885951
34.286567512466796
34.2878826757306
34.2885879588811
34.29000478050393
34.290735773459446
34.29176508850717
34.292754946605676
34.293772354063485
34.294999633531766
34.29608431611999
34.297594584964145
34.29891897415339
34.30052622165058
34.30217546559699
34.30316877354131
34.304804853934115
34.30546267179149
34.30708619399331
34.30790790832925
34.30909330328902
34.310384924324204
34.31163466563661
34.31268426632706
34.31364546057577
34.31547560751
34.31621730463821
34.317849941086806
34.31924832104706
34.32072869285601
34.3221732718512
34.32361547704262
34.32526329268708
34.32622892794321
34.32685598806122
34.32810323518242
34.329451905237164
34.33064312070951
34.33228493050196
34.3329335640147
34.33365537008961
34.33472714988752
34.33581725338824
34.337267944371995
34.33884936235564
34.33895440494579
34.33998065266202
34.33962696114687
34.34077711922329
34.34159062693516
34.34175689612508
34.342018886723096
34.341826973784244
34.342620677508066
34.34324845449511
34.3438158372857
34.34364198632076
34.34468866506497
34.3468658986221
34.347127880379254
34.34741718804317
34.3480308419843
34.34880668007495
34.35048779025603
34.350717578628434
34.351253666453715
34.35202023070245
34.352939460234396
34.354348739424275
34.35493021668931
34.35542838593352
34.35560697589111
34.35639583831539
34.35812113519226
34.358684257928246
34.36009521881502
34.3608463006276
34.36169981909132
34.36227632279303
34.36355596191708
34.364602513048176
34.36511693356918
34.36696946608948
34.36869762872101
34.36984917494735
34.37057118045726
34.37163072608386
34.37357429519784
34.37515872577957
34.37630977745763
34.37710736433816
34.37800428016101
34.37921710490977
34.380085640029066
34.38156552402252
34.38241246068634
34.38377675709413
34.38482339230679
34.386122591768924
34.387276708520645
34.38783615519391
34.38945850030079
34.390939159099986
34.392570364720086
34.39336002506602
34.39428891612413
34.39564859742966
34.39738032502745
34.3993829391013
34.400426498260494
34.401215856386116
34.40211974895738
34.40365154785248
34.405109514874425
34.40608682817802
34.407395205762896
34.408029378858636
34.40925496330465
34.4106054787754
34.412256084567744
34.41332700138991
34.41478576979772
34.41584753922789
34.41712448845134
34.41914635092094
34.41972093678883
34.42138993761516
34.42149614440887
34.422964677731485
34.42419010189815
34.42582034747565
34.42692263164206
34.42824163951328
34.428699087143634
34.43044890417363
34.431833505624894
34.43264081283618
34.433630707161164
34.434772383265
34.43562514132633
34.43654923059817
34.437266519121515
34.43908822348959
34.43939240567916
34.44089135549223
34.441998612279605
34.44349729749134
34.44399639882668
34.44484194182801
34.445714422676865
34.44645007374323
34.446745900791086
34.44762546288646
34.44917384931254
34.45037859432268
34.45110912365368
34.4517864333801
34.45202484532294
34.453772625608025
34.45535597580925
34.45631355080735
34.456571121174996
34.45755773014063
34.45856852109263
34.45948435564888
34.46013731062736
34.46059120852389
34.461652405140455
34.46252008263981
34.46443257972071
34.46514067066259
34.46590615698379
34.466487422459
34.46781078086101
34.468562793294666
34.46897802462421
34.46969061271984
34.47064904580016
34.47150441323242
34.471634446182236
34.47308670259359
34.47442267474419
34.47559681404227
34.47648124529423
34.47752737050695
34.478612382606755
34.479504687105695
34.48052607609892
34.481570016879395
34.48313509134121
34.48363743360324
34.48519632826859
34.4862636156589
34.48706826269723
34.487813800056685
34.48858468821222
34.49033927459184
34.49109673996898
34.491798927296436
34.49199130236861
34.49307511555569
34.4935367885935
34.494191958967555
34.493955803245534
34.49484494013017
34.49669291339403
34.49742129519198
34.49765274912186
34.49742707122286
34.49889989184781
34.500144011453656
34.500360576915725
34.500549937935865
34.501337574234874
34.50278636840944
34.50328324773266
34.503710061473946
34.50372877864853
34.50500884562562
34.50635864666077
34.507904413812675
34.50889680140753
34.508953026803596
34.50943563593395
34.51030110020235
34.51175018005334
34.51255756844548
34.51306618765972
34.51360243337843
34.51480411967423
34.51582197485153
34.51755983716192
34.51846250137954
34.519477199817
34.52057538833727
34.52140688473373
34.522330618111155
34.52362891190909
34.52437476524501
34.526009244587186
34.52681646387937
34.527868848314284
34.528484321664685
34.530543153532726
34.531959392810016
34.53297084497131
34.534081967753224
34.53484499771243
34.53637850687618
34.53655447801903
34.53816393010126
34.538542320952565
34.53921915644357
34.54050804584065
34.54145330526236
34.542444564083034
34.54266959093954
34.54398377405289
34.54460586740176
34.54545075858753
34.5465272599099
34.547525043531365
34.54889018864679
34.5498260272898
34.55138220274403
34.55157011606562
34.55260536132439
34.55357877348251
34.554955746036185
34.556133210525694
34.55628040430023
34.556919577079405
34.55781389781801
34.559614373940036
34.561157865500036
34.56183541186557
34.56272567320094
34.56384724054156
34.56549429961094
34.566795188667435
34.5672595755551
34.56825705793208
34.56974749372332
34.5708674641305
34.57174191330552
34.572051066272905
34.573729786162936
34.57499420415575
34.57644329710508
34.5770058860331
34.5775439297764
34.57871831660535
34.5799747012762
34.58098027316777
34.58205210165211
34.5839917228557
34.58439937205164
34.58550975596005
34.58598764312749
34.587155344537585
34.587399099782616
34.5880112400721
34.589291789684424
34.58917995204223
34.59052307657765
34.59069608483433
34.591288252687086
34.59233228517944
34.591852797414006
34.592860994963516
34.59344888349705
34.59490740700389
34.59584486686622
34.596358598606805
34.597725569438694
34.5984766207806
34.59977070506397
34.60041160836421
34.60069948579723
34.60211044830607
34.6034475981094
34.60421634252128
34.604470757914726
34.6055171727482
34.60699498261842
34.60817372178889
34.609531077571084
34.61067067460797
34.611458489985374
34.612751948642824
34.613816281129544
34.614848115328755
34.61575450907701
34.61660662949433
34.617920351126386
34.619481097180284
34.620437446566704
34.6214787828715
34.621851518954905
34.623396685615624
34.62420799245881
34.62532150093804
34.6262479425232
34.62723847037504
34.627843391339105
34.628836022642886
34.62965808401349
34.6299160708789
34.63061679069714
34.63124646318419
34.632601754203435
34.63353639494279
34.6343218451677
34.63500441363401
34.635491779481356
34.63640300533728
34.637729614566666
34.638593145838016
34.63951148470292
34.64021536071556
34.641258266227226
34.6423484990388
34.64340815070518
34.64418440968584
34.64442337214008
34.645200523552
34.64544403207681
34.6475519161842
34.64775499732785
34.64832515951604
34.64885041727057
34.64962017759358
34.650209505465114
34.65037660200292
34.651269825357105
34.65164665484452
34.65258181696931
34.653631984031136
34.65388376078504
34.653716447672934
34.65378821720362
34.65461437562064
34.655676438381555
34.65679969252296
34.657846794781946
34.65841965871777
34.659459791383036
34.659471654918406
34.66063555873146
34.66167820158645
34.66330256923651
34.66336503519238
34.663880423644144
34.6646080883004
34.66565717542835
34.66673713330744
34.66729752593735
34.66830074558872
34.6688248354642
34.669771922745255
34.67088807991734
34.671783144660175
34.672980006744744
34.67373646762606
34.67555139164114
34.67622133247226
34.67706328311145
34.67724728330972
34.67828158595668
34.6796526425248
34.68072010030059
34.68155433592051
34.682199218309805
34.683643140598825
34.68397518935157
34.68504336123546
34.685712020209145
34.68719415873728
34.687755579712395
34.688779144047764
34.69018719941433
34.690818333476045
34.69101374227937
34.6914114529558
34.69303546304582
34.693557823709604
34.69479359507371
34.69519591337131
34.695907064445265
34.69622894130756
34.69696407796383
34.69784768443313
34.698516278933546
34.699873388874714
34.70025872800245
34.70132071534406
34.70241223814337
34.70387137755768
34.70463630847818
34.70541432249569
34.70585425999857
34.70685294728875
34.70782602274211
34.708895862939436
34.70965919529385
34.711020343673276
34.71136091425606
34.712192872109156
34.71216393170865
34.71322246440626
34.714281593804685
34.71549040662263
34.716060382933996
34.716590173180705
34.71774214763029
34.718073621788314
34.71980860382904
34.71927858941791
34.7202333974744
34.72031793901955
34.72136022548761
34.722596925081554
34.72265718026753
34.723256638983415
34.72339519698511
34.72449816724928
34.72543167359869
34.72542795864493
34.72642486703096
34.726966873448
34.72755920627678
34.72862915275893
34.72918243707571
34.73037873799814
34.731083644276
34.732328134759214
34.732765624805836
34.7334571163211
34.73440055589137
34.73541911264613
34.73630138987627
34.737321968081474
34.73837524690685
34.73854436923172
34.739623810288016
34.74053713156149
34.74105379501969
34.74200604604242
34.742539700142295
34.74388431037733
34.744433595845855
34.74588800796736
34.747015593262695
34.74796635395509
34.748509519929755
34.74883084009924
34.7501680283019
34.75096042746273
34.75223893268886
34.75332348913624
34.75384848043349
34.755041112918114
34.75547012467911
34.7566623612023
34.757527716381546
34.758169773736824
34.75901143224443
34.75978818250313
34.7603858627956
34.76091542982947
34.76164931492786
34.762314538273245
34.76340680549267
34.76433333372191
34.765239867344285
34.76620687610263
34.76645081197228
34.76766312922165
34.76852020332095
34.76961229972049
34.77008507879416
34.77070666886966
34.77168291076935
34.77255267652403
34.77389492592023
34.77415642961593
34.77520244651913
34.775437294875594
34.776379610495766
34.77767179353861
34.77877400833201
34.78036918446321
34.78047255787533
34.7813880107204
34.78143486580383
34.78245489950189
34.783640316820595
34.78432649244701
34.78578242348003
34.78581011296173
34.78627618386395
34.78634398330144
34.78716818919555
34.788999295443375
34.78968478903653
34.79049804930581
34.79071235313292
34.792521889575625
34.79370947773618
34.79389493988545
34.79423605792165
34.79420288041982
34.79563159858686
34.79651232643835
34.796867495583385
34.79740545719678
34.79810022480306
34.79915021016404
34.79988706898875
34.80036861693265
34.80179995129903
34.80308590607635
34.80433421326735
34.80500766955895
34.80596860940904
34.80613599449893
34.80745603365569
34.808140138926575
34.809036633839455
34.80923521990708
34.81010726773211
34.81120044107448
34.81233910833265
34.81279696060788
34.81390117575402
34.814156521342085
34.815009591557754
34.81585023546241
34.81714948196117
34.8180813657158
34.81884396015791
34.81994666737198
34.820742662789186
34.8212989219896
34.822218735891475
34.82340956985998
34.82359755923654
34.8246230264302
34.824149680328794
34.824377824355565
34.82532220092739
34.826125183137925
34.8269130872943
34.82680752508516
34.8279926041313
34.829104731056674
34.82991323355711
34.83030220194858
34.831156397606534
34.83192988093394
34.832755397848196
34.83317478078102
34.83333328026519
34.83430750568123
34.83542448390416
34.8367977924304
34.836932432863016
34.837299902281686
34.83830412708327
34.83939345102697
34.84070792034141
34.84115916611767
34.8416225680796
34.84150487967612
34.84301339038551
34.844149444239875
34.84487120852644
34.84497767337645
34.845980862854056
34.84764789638514
34.8482170418028
34.84874014729486
34.849320742870276
34.85081424691708
34.851653739135585
34.85268083147256
34.85266892303511
34.853545534430005
34.854683754250146
34.85521485921643
34.85649501540094
34.85699902966691
34.858243251226234
34.85925491341955
34.85965378200157
34.85997353487526
34.86077281718765
34.8627418044158
34.86332232564186
34.86315042588426
34.863612984157605
34.865360971014425
34.866767346452264
34.866473158323345
34.866731570361466
34.86685866469672
34.8688027739693
34.868068055012
34.868197900522276
34.867552218547175
34.86787725694193
34.868182087769654
34.86813964148463
34.86900417028704
34.86917871178949
34.869563001010185
34.870171977791394
34.87084000905976
34.8715038406012
34.87191043182405
34.87248729005524
34.87248624571354
34.872523537213375
34.8733074737985
34.87391588247426
34.874523884213176
34.87486353671878
34.87594576469795
34.876760936099075
34.87736840150553
34.87811611937241
34.87960936356466
34.88045036741844
34.88128786171259
34.8815752848101
34.88186200576549
34.88281822229335
34.88391338930177
34.88465971685295
34.88481116728694
34.885056511200986
34.88512923873764
34.88679650445482
34.887798829254514
34.88878896019291
34.889475912915174
34.88996672837126
34.89073917911667
34.89170132863991
34.89264009373396
34.89350531378959
34.89430681915347
34.894137116983174
34.89533466274358
34.89684046226379
34.897774202904046
34.898463750469446
34.89895940661944
34.90038377256754
34.9008075989134
34.901628252813374
34.90237744040782
34.90328471660651
34.90450182281627
34.90465948689817
34.905564579032145
34.90673343187427
34.90809332810347
34.90831590960439
34.90950497920904
34.91004609447286
34.91121399664517
34.91095199893915
34.91185395211351
34.912534726318405
34.91318352894582
34.9136511538779
34.91375470959902
34.91480526690714
34.91547733850952
34.91602514686579
34.91639454263328
34.91704535155593
34.91790178482198
34.91834739260924
34.91905203541563
34.91995286796515
34.92062742649881
34.92116011719106
34.9221177427515
34.922795461881556
34.92338926939676
34.92396293797172
34.925005346556276
34.926452054879945
34.92671922650031
34.92774984534643
34.92888010069319
34.92924927325078
34.930189875139206
34.93056159585058
34.93139805427504
34.932071466976765
34.932868184039606
34.93371629056085
34.93486289149782
34.93524559415463
34.93578035550673
34.93618887935662
34.937459739434104
34.93802797972222
34.93860953754849
34.9392490067113
34.94006128538225
34.94038226219432
34.94082772332788
34.94145252254448
34.9426345887036
34.94277945994578
34.943687391187325
34.94379030639555
34.94452131214558
34.94503572611182
34.94559536819962
34.94607390199958
34.94717353235467
34.947845008492784
34.94886370255137
34.94932599969288
34.949607259300834
34.95077275783886
34.95208718177314
34.9527750709115
34.95316685898682
34.95357614998524
34.954777856952944
34.95557806371816
34.955908337470376
34.95659904614093
34.95759447208752
34.958522130320866
34.95914442839782
34.95994474166559
34.96002337266431
34.961854054855564
34.96117929641315
34.961999354088746
34.960423060705935
34.960367958114425
34.9615252343921
34.96130997272314
34.9615048543741
34.961292195603676
34.96159193142117
34.96309636290999
34.96307139911661
34.962513377969984
34.96207473233651
34.962795180797684
34.96404147731365
34.9641301508802
34.96432211151979
34.965500524380154
34.9658260604236
34.96636657800527
34.966903299280474
34.96752076385518
34.96866863280954
34.96950835047576
34.970101504695364
34.97060222512001
34.97153375045278
34.9725746517497
34.97336940061793
34.974076511910525
34.975092329096704
34.97554973318109
34.975928483238846
34.97688695310728
34.977680458902924
34.978210840844426
34.979498392595104
34.98025271816394
34.98091970394451
34.98186344759867
34.98302976247508
34.98340341487596
34.98379694548113
34.98461986710122
34.985065301274865
34.98606994318743
34.98702858296355
34.98815701561733
34.9889032516178
34.98938128692356
34.98995972255049
34.991189623100155
34.99224316076325
34.9926218786177
34.992889495098545
34.99384506085874
34.994846702212094
34.99543754367757
34.99678448448236
34.99747027280703
34.99813055151816
34.99852268335253
34.99992829939869
34.999232840751226
34.99981437325833
35.00019352499513
35.00117644532245
35.00210217293401
35.002127465690535
35.002753805213594
35.00259814816939
35.003902802290774
35.00481485323292
35.00529569946001
35.00629562645433
35.00649884676559
35.00721955762857
35.00816240513157
35.00905760218242
35.010079670980474
35.010331615224246
35.010808511299075
35.01137312965764
35.01230583520846
35.01331632815661
35.01410921087269
35.014791083758496
35.01521327072225
35.016299747091104
35.017569220190296
35.01810628447473
35.01858790341847
35.01962062887567
35.020298232186775
35.02082389736304
35.02204100820033
35.022559747007925
35.02315872793392
35.02366400608293
35.02510094051828
35.025511046796694
35.026587381931456
35.02657766854657
35.027089544013826
35.02679236933516
35.028189408705515
35.02843004028689
35.029251230830326
35.03076648124183
35.03092473904073
35.031633760428235
35.03243156114928
35.03381105634829
35.03381264171972
35.033834878963305
35.034651871766336
35.03588518842174
35.03713884143483
35.037497984832
35.03771525761724
35.03823374353617
35.039277930487785
35.0404256613389
35.0409801541403
35.042302640193
35.043034186546215
35.043315115999
35.04351314237484
35.04409539720384
35.04464670994953
35.04534028432364
35.045501247251636
35.045943270431714
35.04643371217168
35.048459085552025
35.04792107175304
35.04882191779855
35.04887914508493
35.049288356438865
35.049704637036726
35.05012271920708
35.05152885799727
35.05187469609166
35.052150836071164
35.05315964669347
35.054028360535966
35.05479951685468
35.05450234365526
35.055435118447676
35.056084539325624
35.056605073345054
35.05735107302154
35.05722921248993
35.05760091690504
35.05828268135361
35.059330951171496
35.059486614725074
35.05968750506694
35.05995831282484
35.060783736607334
35.061817094063784
35.062078018551624
35.062212089682596
35.06252828771035
35.06339845000209
35.063352094025085
35.063703142424444
35.0640512066505
35.06513329568481
35.06487769187398
35.065529315422324
35.06588637496256
35.066607242565745
35.06668569629768
35.066788237794356
35.067942776778295
35.06820997763838
35.06878133147471
35.069174582454735
35.07005285178124
35.07058274615296
35.07082928745312
35.071844378529484
35.07222587302488
35.07290734772882
35.07316188309677
35.07375959103387
35.074976088899625
35.074821212751395
35.07548853086467
35.075451854126634
35.07610750977376
35.07660721174778
35.075936551199156
35.07653688913214
35.076704273772336
35.077917810081445
35.078107347626826
35.0785015216737
35.078939904819194
35.0798652466441
35.08045248176779
35.08044785041178
35.08142690228204
35.08194337661767
35.08296122846929
35.08367545122991
35.08390877224257
35.08424491636315
35.084693416897785
35.08615773769597
35.086378724028236
35.08713323790147
35.08761957392177
35.088173106486636
35.08918562144848
35.08919465801515
35.09017324243262
35.09017544709919
35.090792256384134
35.09120120687353
35.09159318320498
35.091974669530615
35.092696645704834
35.09371539086638
35.09392879942325
35.0945563884275
35.094770056141414
35.09574656922707
35.09691282637584
35.09684100183312
35.09696089740383
35.097602280921826
35.09878866847614
35.099402997531016
35.10027417237473
35.100731452661336
35.10081640816425
35.102128344026056
35.10279931868821
35.103935308369714
35.10394686174136
35.105385452686534
35.10603047393358
35.10615376612541
35.10690020761777
35.107528363219586
35.10846195221652
35.108742931325104
35.10932993868687
35.110196638661705
35.111134023222846
35.11110714750107
35.112045243067904
35.11179438221823
35.11250977084144
35.11252936336639
35.11324560125803
35.11462300797723
35.11464532935642
35.115609788499555
35.11629444901381
35.117329112098496
35.117210772139366
35.11787165022759
35.11755660752789
35.11838213858655
35.11797399611423
35.11816966470783
35.118298686707035
35.11855970601413
35.11963673896577
35.11946729150769
35.11995372698983
35.120562889602745
35.12101473394441
35.12153341875524
35.12145431724184
35.12230140990318
35.12295456093988
35.123204261915184
35.12431247825321
35.12447125045108
35.12462027748464
35.12564151139814
35.12717852932857
35.12745950215469
35.12726592056371
35.12781565590458
35.12921288496784
35.129483361623755
35.130592399203415
35.13153197027307
35.13210167978158
35.13271357532497
35.13286396880338
35.13415893653718
35.13450722042086
35.13577406849415
35.13619065627544
35.13597724233625
35.13689268090475
35.13832215199474
35.139454884882866
35.14025992250728
35.14094513904862
35.14186300658581
35.14256276830792
35.14329877094485
35.14374481636369
35.144691259812184
35.14531841947091
35.14590814431679
35.14635100270755
35.14795973252171
35.148140786204245
35.14915715429009
35.15007270588289
35.1508219069832
35.15025759594018
35.151310114157795
35.15146832113726
35.15182731793084
35.15200106747098
35.15249537967844
35.15383514752221
35.15445430731579
35.155282763722205
35.15519525004439
35.155370069200835
35.15678328646345
35.15750909793853
35.158018903935634
35.15778406693449
35.15881029975289
35.159009820350605
35.15948144268372
35.159549329855395
35.16020498449556
35.16088380603014
35.161634130639314
35.162103111557926
35.161900030269194
35.1625769730734
35.1632857714685
35.16414709241754
35.163741729606514
35.16428985697089
35.16500514761926
35.16574335142299
35.165946835113544
35.16615587446247
35.16722297799653
35.16779597728045
35.16875982941088
35.16821830810072
35.168939937884886
35.16960711976017
35.17092164961566
35.17167600010907
35.17174858379794
35.17240747362049
35.17291041360859
35.17317339916667
35.1730242621806
35.174182078022525
35.175146804205674
35.17490604269215
35.174777527638824
35.17553756649756
35.17610798965842
35.17605749068357
35.176849694506
35.17738581392965
35.17827594622609
35.178825208291144
35.179501205129284
35.17962666510541
35.18052438194922
35.18034587270718
35.180941297692925
35.181773753603444
35.18223615060662
35.18296969311233
35.18302761217752
35.18340572270531
35.18361890225905
35.18434806073088
35.185457791116136
35.1861044862731
35.186643150407704
35.18664431386105
35.18766389432107
35.18815697346411
35.18851632325939
35.187889359130786
35.18859334535036
35.1873669961274
35.1879979490872
35.18799829443268
35.188501274425604
35.18932307970206
35.189090974486874
35.189607888661214
35.1902005961102
35.19042901932422
35.19083120194189
35.19072676146827
35.19165988160076
35.19234755625567
35.19323854969566
35.19305099407621
35.192999888551
35.19411663695886
35.19479408041666
35.19569534552478
35.196075989973515
35.19654527220535
35.19746546791553
35.197808800776464
35.19843645182198
35.198675857749215
35.19912505528179
35.200272817722535
35.20088586034217
35.201194130896
35.201425060488994
35.20220905153178
35.20378204660103
35.20496450162574
35.20520900002876
35.20531590607669
35.20663706489009
35.207198657574196
35.207604380513644
35.20893572657111
35.209544681963095
35.21051239826494
35.21062442933904
35.21132444426144
35.21153823706599
35.21280742060207
35.2132380179563
35.2135763077063
35.21414876105994
35.215056496216604
35.215345410995546
35.215753186636206
35.21568673972342
35.2161452484936
35.21630979760897
35.21663369935598
35.216838896093655
35.217586056706395
35.21809238904082
35.21817516038674
35.2183496461755
35.21854755939866
35.21936985068103
35.21864727925968
35.21936302220966
35.219233313097796
35.22041152669352
35.22046414336965
35.22070048081889
35.22065166137291
35.22022365779039
35.22018102596966
35.220991467958484
35.221640950083376
35.22127381291139
35.22167802215991
35.22179232561948
35.22198595267671
35.22230658190149
35.223139048569635
35.223418452659644
35.22389655559299
35.22446432745599
35.22411741426638
35.224518690410086
35.225197933662976
35.225486612372016
35.226242897813805
35.22708483445677
35.22767368517751
35.22826804741319
35.2285712904631
35.228947144128774
35.22961545677927
35.230161237415835
35.23070646167448
35.231407553209955
35.2322001480084
35.23308469154361
35.23350041350482
35.23356641358581
35.23444730040183
35.235291517140055
35.23668436541599
35.23680775329669
35.23760303848182
35.2376402513783
35.238649980036
35.23873033176735
35.239542552446785
35.239300437099374
35.24037344557304
35.24051250129217
35.241033185867536
35.24188095994839
35.242400064176266
35.243665364688454
35.24340494850637
35.24374690134458
35.2443910666022
35.24516225552705
35.24538068597746
35.245349034234465
35.24644978077276
35.24637295589087
35.246881114148955
35.247883748918426
35.24794791811689
35.24885213900827
35.24885975234882
35.24969519478566
35.25034313443929
35.25061653660549
35.250820108720134
35.25065914094342
35.2522759633344
35.25310231265539
35.25341215708926
35.25349972846232
35.253921531167805
35.25508135172661
35.25576929533821
35.25585113813062
35.25647670348006
35.257361543623645
35.25817698190753
35.25844183893693
35.25920388275051
35.25933454801408
35.260044164229065
35.26084394250666
35.261642414308895
35.262616227264076
35.26336717206735
35.26411331171975
35.26453725591043
35.2648865163465
35.26600079411919
35.26624139877877
35.26690420000044
35.267010983329385
35.26834438465987
35.268522665292664
35.26862055526972
35.26899770166936
35.269631525076576
35.270461721121436
35.270915158854656
35.270675181252955
35.27117349067534
35.27144742048473
35.27224568705439
35.273126360232425
35.273275953698004
35.27372897088796
35.27411494471736
35.275170518631725
35.27493395904094
35.27633458006603
35.27707934324253
35.277564440475494
35.277357046601566
35.277664710767965
35.27816287467216
35.27869610889903
35.278911385437986
35.27955787704944
35.27930134705867
35.27987654171719
35.279990900532944
35.280054192023286
35.280771108349136
35.280781466197894
35.281209190951294
35.28163250336131
35.28210071341922
35.28303791621414
35.28381202343905
35.28374324812651
35.28459657678462
35.28477234286433
35.28559866840184
35.285168787019494
35.28559033871586
35.28566115395316
35.28711222677395
35.28662503667527
35.287102807391236
35.287372579759946
35.28807871865359
35.288973126170866
35.28889309897488
35.28903170554885
35.28924796591592
35.29067516191176
35.29119504858459
35.29136999371176
35.291600585211675
35.29205666352164
35.29301542118114
35.29380102341824
35.29334321256131
35.29405990062587
35.29444579060762
35.295374839563685
35.295965092324025
35.29664971273838
35.29715184619611
35.297377032880874
35.29810657474532
35.29832849972443
35.29934327272386
35.29923626684414
35.30012082346159
35.300245593322174
35.30031895874285
35.30069385587612
35.300696307809
35.301443466271145
35.30068803966491
35.30121554850629
35.301505979397234
35.30154191978263
35.30234121919613
35.30226137878965
35.30315568461391
35.30290512452507
35.30328738428217
35.304079333313545
35.303764121503704
35.30431609132699
35.30438096941306
35.30505391272497
35.30613847307222
35.306604063267855
35.307505044624854
35.30720667616177
35.30752962446669
35.308703430845945
35.30882742577753
35.30929044887835
35.30922031818631
35.3097483878046
35.31031697468493
35.310574243061524
35.311472886836135
35.31210304551811
35.312476754004855
35.31277183666845
35.313762381853174
35.314619852209574
35.315204766358114
35.31459819379006
35.31547590578617
35.31593640628714
35.316633892846184
35.31677617938987
35.31686383600856
35.3173567960234
35.31779308204709
35.31818444904326
35.31807521813818
35.31848563557108
35.318742566369345
35.31947693045212
35.31960598614498
35.32026263350741
35.3206019577727
35.321219743026695
35.32132193746424
35.322015743541655
35.3233375142794
35.3234371305617
35.32399682645266
35.32421220351622
35.32442314177315
35.32459094623618
35.32527273239272
35.32553264994657
35.3261405143762
35.326630468835496
35.3263252194502
35.32724358293227
35.3274261775652
35.32787253773779
35.3285685370045
35.328785614891714
35.32927409416341
35.33004214768262
35.33045585701053
35.33066702521112
35.33135941249034
35.332028370752944
35.331672768866284
35.33222165742588
35.33247507195995
35.332852147243884
35.33301683472072
35.33365487976195
35.334303585769234
35.33470883234896
35.33492012262969
35.33548291422651
35.33552563728228
35.33623727732399
35.33694701047519
35.337833545882255
35.33797673219029
35.33846579851338
35.33840263026433
35.33872485171652
35.33892861251614
35.33897337179751
35.33833772076004
35.338788132741136
35.33888207508028
35.33865785478049
35.339526517719236
35.339800621112396
35.34016048626131
35.340329049584945
35.340354090670935
35.34118652991207
35.34186576786195
35.34240915174398
35.341998845912975
35.34269813061903
35.34333426573291
35.34426593996564
35.343489453058574
35.344110349055285
35.344616602091364
35.345572734792
35.34568825292002
35.3454524011487
35.34554947801584
35.346632943773955
35.34738229781703
35.34738866251586
35.34805579877024
35.34803410110189
35.34897629605873
35.349478671191164
35.3500956364492
35.349838252716495
35.351126240874834
35.350900194343836
35.35095451505967
35.3507785181648
35.351740716318936
35.352526998722624
35.35258745168346
35.35276302961288
35.352280458785685
35.35278617714966
35.353528453884124
35.35356749112228
35.353985758380624
35.355251954724956
35.355795102970646
35.355779962128466
35.356794073419714
35.35792037262635
35.35755764055712
35.35832515204477
35.3588511899773
35.35912219458716
35.35927609081178
35.360440271555554
35.361103459469014
35.36102083954904
35.361575013519285
35.36196817718351
35.36217716973155
35.36208396499926
35.3621768934276
35.36288764918585
35.363060506308244
35.36318046560574
35.36372993357957
35.36431257966249
35.36487058425016
35.36536761213145
35.36610696068195
35.36600390498448
35.36688420355307
35.367485816758794
35.368225123446294
35.368481472025366
35.36862448780596
35.36879776026919
35.36980695143673
35.36959909396289
35.36969948420844
35.369662580372704
35.3705079005072
35.37115154508666
35.371211659013554
35.371370920031985
35.37097043408141
35.37183438804782
35.372051660855696
35.372767075623955
35.37311613850686
35.37335170347817
35.37399459778111
35.37457151479087
35.37488469811012
35.37521362696753
35.3756714258609
35.37634747267065
35.37675098845844
35.3766636871614
35.37726246763117
35.37747579799423
35.377725728228384
35.378337468691115
35.378758590775796
35.379154527132364
35.37920149121987
35.380159436744805
35.380563689032066
35.38152355616683
35.38116888432672
35.38178015508871
35.38151648730141
35.38238703667102
35.38230820056897
35.38241423311295
35.383116139298515
35.38317408907082
35.383990296309506
35.38413969308502
35.38457065230692
35.38450485467783
35.385062231578715
35.385592494411085
35.38567913290846
35.38663514343292
35.38715711393566
35.38738435065866
35.388178434578
35.388268306971796
35.38873302419511
35.389403476605594
35.390506736147024
35.390764670015926
35.391255844655454
35.39159912366265
35.39219708462167
35.39298261615165
35.393602576445645
35.392993742365206
35.39374098619564
35.39420111943885
35.39530923183752
35.394906484904666
35.39558982992741
35.396278216499866
35.39655381722929
35.39724420764409
35.39783351616164
35.39828862222603
35.398751112696054
35.39943673883002
35.399840021880216
35.40024408720102
35.4004317182813
35.40062723649551
35.401243472710846
35.40174751201809
35.40204660404714
35.40285534990373
35.40340850385817
35.40336854717999
35.40440496078938
35.405499761087604
35.405754073039624
35.40611399002448
35.40574738579271
35.40693375427274
35.40666226850965
35.40745405235323
35.406751587369556
35.40693933369643
35.40785745090703
35.40720097424049
35.40768180828061
35.40728315428517
35.408252819368144
35.40861221505702
35.40779863810246
35.408705275317715
35.4090627213024
35.409538616160255
35.40998761221914
35.40966422825433
35.410397048813294
35.410510612468066
35.410063344113986
35.41046421985249
35.4112735585707
35.41181581835645
35.4111877319022
35.41128673544213
35.41245813681218
35.41271003085584
35.41310915938533
35.413263162802
35.41300033859619
35.41428049284043
35.41467004422578
35.41459861507912
35.4151416588426
35.41548404432775
35.415891915030514
35.4161661515612
35.4168638543487
35.41669732815069
35.41676778885857
35.417825702684254
35.4183541333651
35.419469306483094
35.41941427592653
35.418850693859746
35.41930202585022
35.419854734290716
35.420103383391336
35.42017182879144
35.420884153864364
35.42089115025783
35.42165653265617
35.42222972395869
35.42234591055908
35.42243889682248
35.42268971035233
35.42280272309289
35.423142231543714
35.4232276638337
35.423431792382225
35.42344848183659
35.42364365336387
35.424356632717206
35.42404849628201
35.424350988917645
35.42486219600804
35.42497157692453
35.425289292523786
35.42524974037218
35.42563302260742
35.42604542292269
35.426102257179906
35.42677704198177
35.426574297584665
35.42689081933309
35.42774326800635
35.42783681752688
35.428110936486156
35.42848568557153
35.42903412894052
35.429472400725906
35.42977994735795
35.42987894757817
35.43116078989833
35.43126845971331
35.43180355491492
35.431551991956674
35.432291111188235
35.43184092247024
35.43235976959883
35.43287658284484
35.432821811101974
35.433304638547995
35.433898055348095
35.4342969543178
35.43433763730749
35.43484714137246
35.43518677053049
35.43579440987761
35.43662223999981
35.43630056756063
35.43654286822849
35.436816797334245
35.43690429195712
35.436694568176314
35.4365417198002
35.437765808791426
35.43779530113617
35.43788714055859
35.43767337878541
35.43801403043425
35.4385602650206
35.43891028204059
35.43886467052775
35.43866854997177
35.43943160573068
35.439750074608554
35.44018729890948
35.440315878563645
35.44030327776793
35.44033848043711
35.44084250930149
35.44061735853639
35.440761750420215
35.44180976101414
35.44253533476751
35.44231832327735
35.44183755178453
35.44227656691244
35.4426024397072
35.44306807656196
35.44340674355309
35.44325184212687
35.44411011543391
35.44354663529366
35.44433855598393
35.44456318134459
35.44496706173502
35.445647789445125
35.44576598045132
35.445157151554895
35.44559398032243
35.446084606815944
35.44600889189144
35.44624452415494
35.44683569537962
35.44730896204156
35.44735161146915
35.44817065269313
35.44785644611179
35.448422032662265
35.449044294926935
35.44918204010774
35.44950558338954
35.44975665800265
35.4506171925236
35.451239957725534
35.45122731691979
35.45214065014112
35.452055207010005
35.45258334125512
35.452302713574134
35.453168230557765
35.45286023913877
35.45407764247683
35.45331299085411
35.45372098772038
35.45439472003227
35.45438430783042
35.455028793518714
35.454685143535684
35.45553220918132
35.455845303103736
35.45547692415066
35.455965708908394
35.45651663375583
35.45700710606793
35.456816931731055
35.45734520080801
35.45773962211856
35.458029974786285
35.45818140790379
35.458320536808614
35.45862395692994
35.45909965734621
35.45936978455105
35.45928974185737
35.45960665193064
35.46017443608776
35.460137587256284
35.459898009654694
35.46054138557645
35.46107199811789
35.4618228381222
35.461744462439285
35.46201144523257
35.46191966091024
35.46267665447502
35.46303872957693
35.46352722310512
35.46384460874132
35.464375584600035
35.46391520185317
35.465337953159974
35.46561182255201
35.46585093759344
35.46629466013663
35.466190093465094
35.466980070518304
35.46624120584335
35.46656987182884
35.467285886886295
35.467587419891885
35.468342576238015
35.46827992016074
35.46807315838532
35.46839978619942
35.468829109558804
35.468769342045974
35.46941850518345
35.46875995917452
35.469191196328175
35.4691720569734
35.46900716934922
35.47002163355213
35.46996908484229
35.47013110295091
35.47028304141985
35.47062092320103
35.47130584918448
35.47165533565288
35.47185473199292
35.47215747548317
35.47312546351462
35.47314239778815
35.47303960828217
35.473011599417426
35.47393551067976
35.47445674522028
35.47444128073037
35.47488088465192
35.475264823482156
35.47581194942837
35.47579521352325
35.47625805453005
35.47614518499358
35.47658978477849
35.476771032028466
35.47691413252249
35.47743416858021
35.47784147634713
35.477856145953396
35.478295909235214
35.47906023899757
35.47884831810845
35.48001256506884
35.48046076349116
35.48043378068889
35.48110546590057
35.48148024048419
35.48158258007004
35.481373435063055
35.48150982622137
35.48139418636893
35.4818614041031
35.48282466279142
35.483088878432284
35.482299506876636
35.482607157205514
35.482085358742324
35.48291236672907
35.48193775444178
35.48148213083383
35.48172584881212
35.48217221803449
35.482887985487935
35.48201599724579
35.48290463235775
35.48334397999413
35.48259565216285
35.482840286010145
35.48262675978157
35.48310571421966
35.48356874127043
35.48394875676392
35.48434273709384
35.484864738806664
35.48532924172707
35.48536815085492
35.486299628847306
35.48622334879208
35.48632568451601
35.48640641322144
35.48739332637958
35.488027253222775
35.48798698160491
35.487865466890945
35.48901134167376
35.489335162828965
35.49001899967953
35.48993924472249
35.49089193863841
35.49053164037502
35.49078514402975
35.49056732686647
35.49002270979747
35.49096363537331
35.49093064927246
35.49086238888166
35.491187934273675
35.49162179003461
35.492065625647
35.49213875338133
35.49242502947431
35.493401810485885
35.49365509413103
35.49377289329239
35.49396018777278
35.49515741563803
35.49504421275141
35.49578864029356
35.49546513703538
35.49510620655568
35.4952224738619
35.49539252207259
35.49507700826282
35.494445505780625
35.493809638816316
35.49373639111272
35.493466217843746
35.49198662506636
35.492407865972474
35.492361134224375
35.49191449942947
35.49216217993652
35.49119365981242
35.491757444886765
35.49185276808154
35.491659049251794
35.491840097294045
35.491824105460644
35.49182512749447
35.49135251655487
35.49173263798561
35.492368617143185
35.492206314291955
35.492374624901785
35.49184003478697
35.493018075445505
35.493318141238376
35.49336671975748
35.49352015404941
35.49404350809633
35.49475595658357
35.4948545467408
35.494982265931434
35.49578626154157
35.496039861222954
35.49648673848775
35.49642167998522
35.4969182625829
35.49741233854497
35.49761213553159
35.49785448655157
35.49786668296018
35.49855164646908
35.49928376009944
35.49954107831599
35.49946275242484
35.49979026452527
35.50045355181484
35.50050913268092
35.500629954563706
35.501207637805535
35.501890335199676
35.50175079211946
35.502430010383854
35.501916829967165
35.5022308841606
35.50191977993097
35.502650952968224
35.50238758596746
35.50226454740789
35.50232913673617
35.502541270505766
35.503056405016444
35.503487077915096
35.50376336814854
35.50363005101722
35.504012038522816
35.504566023657674
35.50497524760232
35.50452400769065
35.50455259381593
35.504411298427144
35.5050306354277
35.504972958605926
35.50560268721567
35.50589618015265
35.506567651709695
35.506978574899875
35.50695995585193
35.50707271805339
35.507553072133334
35.50762398852391
35.50763764404159
35.50781206848925
35.50790306367878
35.50870470867012
35.5079248803214
35.50918771982388
35.508098639357414
35.50845867942354
35.508996017154786
35.50861308364186
35.50929911927517
35.50921406362192
35.50959365500252
35.51029464430539
35.51009812552181
35.510438991014205
35.51066549124269
35.51109752609169
35.51128727818085
35.51076660519945
35.51196048610275
35.511996043273065
35.51186505827182
35.512712295805585
35.512605055932646
35.513227847072656
35.51374496092678
35.514042059948146
35.51409107406851
35.5140506664625
35.51502978801931
35.51539076382078
35.51581872310953
35.51645838032392
35.516357685614956
35.51668052525894
35.516584898200186
35.516508233041286
35.517109668335316
35.517889138594406
35.517358424384604
35.51796954230162
35.518779726671035
35.51892509672245
35.51953496291928
35.519501624669495
35.519953349671674
35.520496066135294
35.520574461812735
35.52083474313959
35.52068929003223
35.52105931721005
35.52154798330668
35.521865659648284
35.521842156293026
35.52229287202936
35.52301211347475
35.523054558047555
35.5233878496314
35.52322799734602
35.52397726563663
35.52467342009015
35.5249525209895
35.52532754725461
35.52536232919475
35.52626295881331
35.52614338790232
35.52674172312267
35.52631600819525
35.52707520869437
35.52691442136177
35.526714826495834
35.526742915936644
35.527508042000804
35.52727481393655
35.52731407825234
35.52726478066788
35.528155616100584
35.52873596233633
35.52881398347073
35.52911624273467
35.52959484628212
35.53026490122748
35.5297737736681
35.529809472889234
35.53019477054308
35.53019505800937
35.5304263088974
35.530639222762474
35.53101562050904
35.53158379295882
35.53187485168808
35.53196433540919
35.53167840205273
35.532014892621454
35.5316396165978
35.53140141829954
35.531594806574816
35.53182537862362
35.53241943238161
35.53208544772077
35.53267307542128
35.532533268505574
35.53297005086588
35.53338694182084
35.53365112725752
35.53457167030509
35.534168377620176
35.53452537172779
35.534690457920306
35.535258187872344
35.53539176990848
35.5355009046321
35.53625028310147
35.53638215480313
35.53721802605814
35.537188596981586
35.53746931246338
35.53777884094751
35.53812218026343
35.538105861611044
35.53814295650507
35.53864686072687
35.53952959126469
35.539178108357405
35.539270371935444
35.53992741956112
35.54079305123763
35.541121358472296
35.540819341449044
35.541120642405126
35.54196376179317
35.5425141303409
35.54236998527076
35.54233536242893
35.542623143338716
35.54322325981233
35.54340576554173
35.54380941347644
35.543635726200826
35.544536478985954
35.544176170834994
35.544903152428674
35.545320006913684
35.54551228633451
35.54480314968644
35.544654168106284
35.54514951169149
35.54525140426876
35.54653288612815
35.545741612188266
35.54589409039516
35.54599766223832
35.54576650491479
35.546164283015685
35.545626733517935
35.54626984354264
35.54591520669789
35.54564866232238
35.54680705895356
35.54579639923473
35.546173301900794
35.54645162984369
35.54654792705303
35.54713615148957
35.547331590942264
35.5463102620101
35.54668724520356
35.54793154919475
35.54809187735141
35.54835223958112
35.54866694714461
35.548908412177724
35.54911295039353
35.54953733996017
35.549410438663195
35.55037574476589
35.55022438330802
35.5502246884687
35.55064985737724
35.55071488505682
35.55175615092057
35.551476333044796
35.551459628466986
35.55197941535101
35.55249424473208
35.55305352518131
35.55324209223239
35.55402276353528
35.55405526393601
35.554455605010126
35.55433695484494
35.5548025268347
35.555547716178964
35.55522105709662
35.55533627898929
35.55574614333476
35.555708065539555
35.55680490259606
35.55679566687941
35.55717212656531
35.5565341641105
35.55714871095561
35.556549608007
35.55637543797504
35.556545438246296
35.5562091181532
35.556753335484125
35.55623493665101
35.55631455755894
35.55753167641301
35.557834665686116
35.55755976674825
35.557668919319084
35.55792720850243
35.55841102507478
35.55797621648886
35.55805535126588
35.55793251911966
35.55807611123345
35.55848265107087
35.558244450022784
35.558964468479616
35.559049416746824
35.559220628441736
35.55869318721872
35.559568261296
35.55993497038613
35.560510609091544
35.560310683484275
35.5603045006214
35.561440548839045
35.56086593692011
35.5613688643693
35.562186173905104
35.56224548569629
35.56204950322349
35.56212458197626
35.56304907742996
35.56302263328736
35.56371101059054
35.56343077602787
35.56378109547922
35.56426296544837
35.56376912116456
35.56447329900709
35.56332045456252
35.56462203113015
35.56364830097099
35.5626337528642
35.564063771241365
35.56428363130876
35.56454754982566
35.5639808784319
35.56437153107897
35.56517959130858
35.564619583551114
35.564728339605516
35.56427216798986
35.56450295317421
35.56461254227406
35.564209920100396
35.56474528515342
35.56499717079041
35.565002814036355
35.56551388905525
35.565591993234584
35.565676549194066
35.56651354505446
35.56619946175176
35.565890594171236
35.566319377176995
35.566354132731746
35.567233893051224
35.56736419213182
35.56730706944918
35.567008012039786
35.56700995001115
35.567487614939694
35.56719949399745
35.566943433628
35.56731470312269
35.56736244539914
35.56773332889989
35.56778849883762
35.56758613692448
35.568085189666775
35.56865964325599
35.56845093145141
35.568546476351536
35.56899250800625
35.56916282608839
35.569623869986586
35.569398275600975
35.570480106345755
35.57045110459247
35.57118764626825
35.57055356441354
35.57032364049635
35.57130572035468
35.571336636601174
35.57124344512825
35.57123391825045
35.57161073744488
35.571974635851454
35.57166340020618
35.5713014131435
35.57166313227479
35.57175905020629
35.57171646619574
35.57198898309518
35.57186990640873
35.57218494160163
35.57227788471892
35.573238058266995
35.57333209074473
35.57342381152942
35.57345696822994
35.57371857138592
35.57389782811458
35.574622819572845
35.574905971926356
35.575676075481695
35.57532072335397
35.575474535049565
35.575999145454055
35.575925003685406
35.576186349989285
35.57609505339458
35.5764284698034
35.57577124705818
35.5765845269053
35.5765749749547
35.57731521235157
35.577885015440614
35.576978090860074
35.57752736742506
35.577654003940516
35.57756134012097
35.57781623645444
35.57840022424473
35.57774056047232
35.57796274982839
35.577596493932035
35.57755104214854
35.57776874402683
35.57795805803269
35.57848085336643
35.57830239956936
35.578695615000754
35.578160821551066
35.57881887645313
35.57925358289926
35.57905046628679
35.57966223221983
35.57986097256388
35.579852789984855
35.57962651155596
35.580333623740124
35.58009759526007
35.57991199122037
35.58064898117111
35.58033382170552
35.58062434465143
35.58092278624228
35.58111292075659
35.58129905820532
35.581787704895824
35.581635986884635
35.581151267661525
35.58177687329199
35.581039388440615
35.58124250790813
35.580918716046895
35.581525361624415
35.58119354057334
35.581454496624964
35.58250872444862
35.58279696959803
35.58339638949674
35.58309145917113
35.583550453105005
35.58403769046674
35.584134277234966
35.5835762449407
35.58418632250318
35.584061232435275
35.583771997250125
35.5835428308588
35.583413475444694
35.583160907489976
35.583146195529736
35.58331098973574
35.58350592032955
35.58309747806847
35.58356956876122
35.584037520763516
35.584094073402746
35.584380443586724
35.58352978663079
35.58377841930346
35.58389033786301
35.584158126742985
35.58470539667104
35.584213779974704
35.58422999581359
35.584256744239575
35.585021679753794
35.5848525127806
35.585009084993445
35.585396115639824
35.585614213482636
35.5858262831791
35.586042746911886
35.58586362905822
35.58566618990874
35.585896971231136
35.58669149649127
35.58609999067781
35.58615169854766
35.58668734069319
35.58621109305309
35.58659874192011
35.586339364140834
35.586300808442545
35.58635716074602
35.58695109895657
35.5870335286959
35.5876753320439
35.58757999222983
35.58790877483385
35.587715970958584
35.58841788918896
35.58816248660409
35.58829152147191
35.58832348867942
35.58841347062788
35.58806288745542
35.588378689890106
35.58887743446996
35.588754568940516
35.58908784484604
35.58886838648471
35.58990306793842
35.589023378464894
35.588942669294205
35.588590463394226
35.588826980447806
35.58960266548473
35.58919696695636
35.58922103708629
35.588820957892736
35.5896227420092
35.58927904336538
35.589220425412705
35.589475291501614
35.588956255300644
35.58946179085957
35.58999631659501
35.58983340393958
35.590889537119786
35.58996971561703
35.58997755008774
35.59052340374662
35.59049434416106
35.5913215944632
35.591019730877576
35.59149771525671
35.59077130345909
35.59126400125079
35.591561072538326
35.59094891094143
35.59132939546945
35.591259056054156
35.59145026181707
35.591503152071766
35.5913466712986
35.5913024879385
35.59149197477064
35.59185213826638
35.59127976100595
35.590907301497275
35.59172966686297
35.59250953374714
35.59255876077324
35.5923387820583
35.59296297891394
35.593514222061636
35.59395886492269
35.592997773766434
35.593208411756706
35.59373237177657
35.5945854326724
35.59407890592372
35.59415315029709
35.59467618881924
35.59433178052729
35.594968862271216
35.59375102414481
35.594098713077415
35.59424939026477
35.5936847464652
35.59381979471779
35.59368128312861
35.59427024193843
35.594209487550955
35.593977708986955
35.59445331811012
35.594361006818005
35.59449469518793
35.594503735711996
35.594397873754666
35.59501117352274
35.59528906020554
35.595125534515375
35.595887300192615
35.59587134771184
35.59630948679792
35.59665962988846
35.59599426141477
35.596642009588024
35.59689661974235
35.59705296612792
35.59715409134722
35.597635940565
35.59747124452
35.5976106243075
35.59742523052903
35.597563039997546
35.5981375727353
35.59784446684815
35.59794746734625
35.5981364289316
35.5980799979819
35.598900581263166
35.59902864303032
35.59845559478259
35.599028962546164
35.599060378043596
35.59959450123689
35.599327702118984
35.599081628537185
35.59930534654381
35.59997677366658
35.59960846938402
35.599837462295284
35.60000048851558
35.600366096649935
35.60119378334064
35.60092776351723
35.60112698678919
35.60120390658886
35.60148298751202
35.60142103622373
35.6012811579887
35.601928553789996
35.60171834827122
35.60211062134366
35.601819732053535
35.601301673890696
35.602194419636845
35.60218304578854
35.60247092151941
35.602238830178635
35.60294011617535
35.602321819963066
35.602981240147734
35.602626643976365
35.6025609675418
35.60260100793788
35.60242439933492
35.602471061443254
35.602268860448746
35.60245907954389
35.60248372993928
35.60235926235555
35.602881873874715
35.602021448915714
35.60254629982222
35.6029242859977
35.60286040440716
35.60308734956507
35.60360490659696
35.603760532626914
35.60340941035166
35.60337354698897
35.60336726890765
35.602955011590716
35.60381669183408
35.6037570608271
35.60333246285902
35.60325854950469
35.604109863328894
35.604737537830815
35.604364894226194
35.60495928125626
35.60460509796118
35.604640875060866
35.60457836298112
35.60492490524172
35.6052149033348
35.60543610082084
35.605263586041396
35.605351253101645
35.605371523233956
35.605662325136365
35.60510997701945
35.60543721445
35.60589890523891
35.60533786251977
35.605802731667694
35.60548263929891
35.60560594662547
35.605057121457186
35.60480123256785
35.60526504294506
35.60519723787715
35.60574537503754
35.604665907608094
35.60455766681394
35.605246097369886
35.60503740992253
35.6051886107764
35.605068506443175
35.60487283255773
35.60468169485653
35.605533544584155
35.6057589791355
35.60595443768814
35.60535325639189
35.605549146542714
35.60489878665916
35.604810353280094
35.60502110089021
35.60539777302543
35.60566936782869
35.60568788120998
35.60617942244909
35.60572664209502
35.606585703472845
35.606090796940734
35.60690475435062
35.60679191715852
35.60716505007154
35.60695705281895
35.606720493830046
35.607237970000185
35.6071082133495
35.60776413042318
35.60772838166356
35.607271573047804
35.60791527966265
35.60776127413474
35.60833292528266
35.60765882960154
35.60809531204388
35.6079087609094
35.60827547670904
35.607988928079386
35.60812432642878
35.60881917715518
35.608411289799385
35.60859995763653
35.60829904346301
35.60830259831497
35.60889145722897
35.608812457606504
35.608815183555855
35.60937016148283
35.6094025067089
35.609445881605254
35.609668434976584
35.609589461482805
35.60971060246445
35.60970240072009
35.609703431677175
35.61028661455806
35.61030388807123
35.61029912170247
35.610337699925935
35.609683486579854
35.60976139569238
35.609757618306574
35.61040312850453
35.60984024287766
35.610123259860686
35.60957474812783
35.60995361047798
35.6105831860762
35.6089973165153
35.60957110396171
35.61020212442455
35.61030180483964
35.61012147441677
35.6102402407665
35.61069696326995
35.61064762297558
35.610434721595155
35.61022069971405
35.611199620800996
35.611877043614676
35.61177500983084
35.611100448186036
35.6108452627717
35.61150763150606
35.61102453112185
35.61134508358167
35.61158926568022
35.611870680623234
35.61144443065555
35.611867656422284
35.6118087949515
35.61206951840139
35.61265790798878
35.61219565501007
35.61253188831822
35.612777093468246
35.612216873775594
35.61270238949575
35.61278689344348
35.61277587588726
35.612453676776795
35.61256980009005
35.61223298583796
35.61259658379149
35.61245720454091
35.612644917556715
35.61263210939737
35.61299188830479
35.612897813920966
35.61321580483178
35.61312238180407
35.613176923228444
35.61302980029255
35.61350033169041
35.61323383511971
35.61352483015985
35.61309787538133
35.61319791889998
35.613194689918
35.613294353661146
35.61295715179174
35.61364522406667
35.61345318862917
35.613374886297336
35.613501841185055
35.61359433431002
35.61451660970423
35.61387067857888
35.6139794651162
35.61386494114053
35.615066578810854
35.613466904610405
35.614280342479574
35.6141516073003
35.61434125098952
35.614483381558564
35.61372864486151
35.61472034736464
35.614311672363456
35.61433312656276
35.614035338093075
35.61455709948436
35.6150689371036
35.6148199976266
35.615065629614186
35.614756515579614
35.61497795860697
35.615714893096126
35.61520906092751
35.61498863294878
35.61472159340077
35.61430367011268
35.614727759043774
35.614522738361444
35.61440998992195
35.61413356173671
35.61410603733406
35.614456701476264
35.61418962543413
35.61457394612516
35.61484285849496
35.614871432677376
35.61482306671988
35.614353547962395
35.61511906372843
35.614752925552466
35.61466554093482
35.61473155607449
35.6150690338548
35.61572821801952
35.61567255000055
35.615527430803894
35.61533528673456
35.61589463886578
35.61605115296382
35.615563933184625
35.615932431646286
35.61620186628562
35.61598113674948
35.61603857554212
35.61677653340802
35.61623858750533
35.6162010108388
35.61633216021404
35.61605397639724
35.61646430721345
35.61704473746981
35.61674262563367
35.61663712596455
35.61740436694609
35.61744640312633
35.617567057982185
35.61721804390153
35.61742863425469
35.61756574559923
35.61806070542052
35.617351373975566
35.61749850587652
35.617609014025966
35.61767580622969
35.617634976233965
35.61801023639874
35.617792214799536
35.61848130052451
35.61811061995604
35.6173464195197
35.617546700652525
35.61769283752655
35.617947824958726
35.61741435286443
35.61759818895938
35.6179275957989
35.6174557296073
35.6176449164207
35.61795720400111
35.61822764988452
35.61772556708459
35.617643714756106
35.61743563984684
35.61757633208537
35.61707620595139
35.617426927868074
35.6169774396851
35.61628737661185
35.61611481123347
35.61610539759383
35.617107710016676
35.616013130216515
35.616369413709734
35.6166711884251
35.6168701560447
35.616740221135714
35.61687875744654
35.61668214490046
35.61661692421529
35.61726396316747
35.61731012334672
35.61729962223061
35.61781801615921
35.61705322868066
35.61729429875148
35.61757725286338
35.61792252432727
35.61769558876618
35.618379242870816
35.61807992852682
35.61769228919185
35.61795665029933
35.61812817545757
35.618228413211824
35.618076131420196
35.61774633143631
35.617391014715196
35.61832968972648
35.61820370726884
35.61817879411847
35.618274335219546
35.61799694598618
35.618049773449975
35.6184924092956
35.618514854655785
35.61861524776313
35.61863782003231
35.61802177036158
35.61866192421014
35.618991958331904
35.61885516063283
35.619228306671125
35.61882318783542
35.61921857605747
35.61881423416445
35.618885604415404
35.61821796014228
35.61914003862588
35.618219777510134
35.61878814230732
35.61869661013774
35.618548991531696
35.61862361082091
35.618165699046315
35.61819948532969
35.61847327506853
35.618505588521636
35.61885337308784
35.61900298353642
35.6195041695553
35.61887298166392
35.61887465440271
35.6185951087556
35.61939196769565
35.61899999916409
35.6186884182775
35.6181934704741
35.61856565878183
35.61815975363794
35.61839234366658
35.61810171198388
35.61847252069553
35.61824563000372
35.61832475909254
35.61824139566882
35.61877068205349
35.61884687996219
35.61873083139443
35.6189643443919
35.61899980675272
35.61901431341126
35.61901642461271
35.619076171221884
35.61931580865569
35.61883622331936
35.618697625433235
35.61925358201496
35.61963183865758
35.619735009695646
35.619050793960845
35.61941306930317
35.61922525798019
35.618851901520294
35.61926027845832
35.61907271503615
35.61886678209799
35.618317899431865
35.61908833268073
35.61880223935404
35.618958115950534
35.618372354372084
35.61868816366984
35.61893847059472
35.618899917881414
35.61728911713076
35.6182910097699
35.617689577234486
35.61757798202716
35.617056896277624
35.61741105424788
35.61779234759467
35.61776111972425
35.61833397362567
35.61781057502069
35.61841899665625
35.61830507965008
35.618480209380984
35.61870548889113
35.618186052635565
35.618562648281724
35.61846181994862
35.61813823786055
35.61900442928661
35.6187381233886
35.61893167061831
35.618866510709466
35.61915116073466
35.61943735796
35.6191784431823
35.61868164033336
35.61926503536735
35.619328859834724
35.61885744192684
35.61867234319045
35.618467620920846
35.61883006159049
35.61827562967035
35.61846869253823
35.618409480978414
35.61905383730544
35.61817437483036
35.61830988379914
35.61863315826804
35.61863815205603
35.61905723158107
35.61788823470642
35.61902111660923
35.61914248345067
35.618555278579024
35.61858400001469
35.61890054947202
35.61842112099237
35.61806717730829
35.6191060981362
35.61833008421116
35.61916400705257
35.61874631044682
35.6182825455207
35.61863261810099
35.61895184328439
35.618958583698216
35.61877421502311
35.61920622718994
35.61886900673847
35.618860750042145
35.61952469096581
35.618748934829
35.619098686628526
35.61926826281208
35.61903715085835
35.619248247265006
35.61897616444186
35.619616460487094
35.61920252327296
35.61950190865635
35.619581493372536
35.619753787223104
35.61989071093648
35.6192312567109
35.61929272225288
35.61940145188092
35.61957710765205
35.618718075005106
35.61930711755931
35.61874216758658
35.6183621664579
35.61849800023795
35.61844831784549
35.618518525418395
35.61797627312711
35.61801425593411
35.61781164995276
35.617868700131346
35.61803496371793
35.61716311194748
35.61746577780156
35.617954126678136
35.618061052019144
35.61798573982041
35.61799507429412
35.618020601651324
35.617897989212175
35.61831667330752
35.61789190046487
35.618020866786445
35.61812068660874
35.61709933434366
35.61822439336979
35.61701260004347
35.617084170746864
35.61672560966564
35.61695712793272
35.61726002171684
35.61667758871459
35.61757370291868
35.617673589015524
35.61852630505045
35.618660283343424
35.61770350268125
35.61846291918873
35.618229880628405
35.61838687230573
35.61848922841068
35.61846009757817
35.61867176517828
35.6181765515568
35.61852676276665
35.618167395137085
35.618081037218815
35.61837043533266
35.6185947383719
35.6186561001583
35.61865652689755
35.618560093663895
35.618141934645664
35.618293418616354
35.618136458039416
35.61777814984051
35.6178793827132
35.61835104858693
35.61702702384709
35.617434040225646
35.61747583635165
35.618294390850984
35.61823580668508
35.61816750630392
35.61780241745343
35.61771745911
35.61774768416828
35.6170241920932
35.61702743350358
35.6167114373163
35.616657457392485
35.616409543148905
35.61638618200438
35.61636127825378
35.61599201866824
35.61651599521696
35.616321083689485
35.616869700428154
35.61678281078085
35.617474800263025
35.61689140839488
35.61766755291747
35.617598533186836
35.61787165814573
35.6178665559768
35.61774303333796
35.61792962600016
35.61785620900679
35.61791549815335
35.61783009433115
35.61773745616728
35.61725356750812
35.61712586185966
35.61695290448207
35.61674601940058
35.6171016870749
35.61610219486789
35.61684005611524
35.616284023893996
35.6166311844155
35.61656961662858
35.61617694020546
35.6164373888034
35.61628251027937
35.61665194537416
35.616467464709594
35.61665957189841
35.615838091150266
35.61606985103875
35.615823927903094
35.61598086099464
35.61603665999109
35.61550086360444
35.61552169589191
35.615750018710315
35.61528549677183
35.615447176547846
35.615031032468906
35.61505482139215
35.61521356651226
35.61513451618909
35.61546853457905
35.61535746885865
35.61498420062033
35.61524791621802
35.61465868585478
35.61521535829253
35.61516644611262
35.61481754105181
35.61510081828501
35.61460489258633
35.6148219703745
35.61414273771788
35.615435399341514
35.614827819675384
35.615012896895244
35.6155661120901
35.61493756895498
35.61502498448469
35.61481770229973
35.61529754961216
35.61523780942261
35.61462430006908
35.61486114723246
35.6146365756351
35.61456882437377
35.6146798032114
35.614747608308676
35.615284086183166
35.61491657361075
35.61437036112066
35.61511679947133
35.614721669520314
35.61495737908412
35.614022711469275
35.61427723976894
35.61378752410813
35.61397863512255
35.6134622586613
35.61376961547565
35.6128881519943
35.61290009467977
35.613490804940085
35.61338691777111
35.61316138994353
35.61244859503992
35.61240842439979
35.61281411050576
35.61289547967896
35.61292630827266
35.61275486882248
35.61249611665198
35.61220491133515
35.61202915901472
35.61229660273972
35.612222416602904
35.61242213621649
35.61130807692881
35.611376527823026
35.6117014056801
35.61210728889189
35.61189869926185
35.611183147863954
35.61175823097818
35.61158122942524
35.61177197042218
35.611446755668055
35.61154069705469
35.61202548573105
35.611294361980576
35.611968460625604
35.612123418566426
35.61187393554528
35.6120068323108
35.61131440314049
35.611298214089025
35.61114601825557
35.611048884241434
35.610875225375594
35.611156194589356
35.610937906805795
35.6110203441061
35.610779126625644
35.61088865151876
35.61068470690617
35.61127538149826
35.611618676558024
35.61118654903805
35.61163273197181
35.61090677001761
35.61149389666018
35.611392331514516
35.61192040214365
35.61108152118373
35.61156837594888
35.61186424810204
35.611117373452174
35.61155597229031
35.61156885656095
35.61183161850587
35.61121348234246
35.611670877386565
35.61143376398022
35.61162409318095
35.61146479506746
35.61152343247726
35.61187408889129
35.61113843544634
35.611352050201944
35.61116552802103
35.6118311670864
35.611379589341134
35.61136067130126
35.6109240103414
35.61140231943115
35.610938799536534
35.61069161067834
35.611356873637384
35.61056959141885
35.61083051488748
35.61081902483776
35.61067040097102
35.61048484317826
35.61120249313571
35.61048894748543
35.610815226679044
35.61054791168936
35.61041239489796
35.61027783432201
35.609987335750034
35.60949017380007
35.6098618700359
35.609920492871574
35.60944687006666
35.609809119145616
35.609120855979015
35.60903755661664
35.60926845679224
35.609076749104005
35.60945689492212
35.60949961334408
35.6092543021973
35.60861039988066
35.60944816784325
35.608516638529565
35.60856305032605
35.607612160614366
35.607862793131396
35.60832848325735
35.60764923799633
35.60815583401101
35.60745229928152
35.60884212978721
35.60785286861088
35.60788746070007
35.60849800535523
35.60789849550973
35.60862493899406
35.60899609400208
35.60871150525887
35.60914003392649
35.609394328422546
35.60965373306534
35.609146732987384
35.6092390219943
35.610354063485424
35.609713197972816
35.60968678864185
35.60954695956501
35.609971845028575
35.61050174027286
35.60976883481223
35.60973697017933
35.60983985900869
35.61042980423278
35.61017290570203
35.610090953516256
35.61061710869226
35.61020133120735
35.60980728019335
35.60967217130053
35.61044927916191
35.60970665528676
35.6092121779467
35.60901132039438
35.608772156531415
35.60880732734642
35.60875647864807
35.60818780199055
35.608149836372874
35.60758180790741
35.60719901476958
35.60761601876253
35.606981076411294
35.60664480029986
35.60640492158194
35.606425033906234
35.60577810398337
35.60608765569143
35.6055034455071
35.60611373891029
35.606322578659146
35.60593296865516
35.605131765482916
35.60584874674526
35.60550446772115
35.60538280425622
35.604457171961805
35.60499969382171
35.604870170263325
35.604980539077985
35.60457375719191
35.604033940017445
35.60461255911099
35.60464975951155
35.60450842875946
35.604221191435094
35.60449833816931
35.60427625680836
35.604406555585705
35.60377812372354
35.60437790653719
35.60355821066811
35.603991768390905
35.603654406361905
35.604140091676825
35.60326823282361
35.60304762764371
35.6038333940434
35.60333056488919
35.60381661033628
35.60310278673926
35.603368594143156
35.603905019630645
35.60264214351828
35.60287372101206
35.60260396184994
35.60298242572796
35.60300201996832
35.602716355277494
35.60295487506214
35.60279192519101
35.60261122593247
35.6028743111073
35.602102112664284
35.60228594620024
35.60157269770802
35.602113871056396
35.60223813676436
35.60206760003684
35.60224299045943
35.60200692365572
35.60217514292116
35.601522187677695
35.60165808646928
35.601500457317506
35.60155987372806
35.601583075750504
35.601827514552646
35.60140337981418
35.60090342095452
35.60089992229471
35.60064469270333
35.60024686186529
35.60036633551301
35.599982450641185
35.600319474058686
35.60012840769802
35.599957427512535
35.60035640449312
35.599857898508766
35.599889054828154
35.599997353992606
35.6006780379394
35.6001460610771
35.60004197960308
35.600421317979574
35.60074267013982
35.60020364954414
35.6009158660995
35.600364832196846
35.60043799720309
35.600331986566715
35.60048014708097
35.60003154768949
35.59973471265303
35.599866215591675
35.5999172210956
35.599472574843
35.59926985984792
35.5996176829899
35.59953517839373
35.599806158530505
35.59899489313498
35.599281247680665
35.599328686543345
35.59933989698862
35.59910684728702
35.59886944640253
35.59900523133746
35.598897433916925
35.59890934436391
35.59770439211551
35.59823067955827
35.59821408087516
35.59767753312528
35.59715783369691
35.59756477555219
35.59686381858431
35.5972480671811
35.59641395574382
35.596545347243946
35.59618292628548
35.59646765238376
35.596298717216676
35.596405242606025
35.59598318553895
35.595972500028395
35.59618480195037
35.59546634713763
35.59600123993839
35.59525047661314
35.59544702567487
35.59466957238636
35.595061812643756
35.59423582151547
35.594202472729066
35.594263823063784
35.5937522642588
35.594342684904284
35.59350048551903
35.593665561120524
35.593846690833594
35.593506250109385
35.59422820400535
35.593410679978106
35.5939732426915
35.59332552473283
35.59338972052293
35.59368226819114
35.594226537154185
35.5951333594227
35.594019621709954
35.595067658022
35.595605538113425
35.5948813422055
35.59526383618672
35.59549101790975
35.5956424485924
35.59524967245517
35.59481313292511
35.595308232421395
35.59571597308822
35.59586772083085
35.596327658033196
35.5963211419703
35.59607351829612
35.59595311581597
35.59616880359384
35.596849635715316
35.595903750324226
35.59559167456434
35.59591134567217
35.59576467969624
35.59561177113542
35.59475175902531
35.59523471660799
35.595539878353016
35.595761950150624
35.595424263223194
35.59500522720472
35.59603124530569
35.59550355753038
35.59493153861088
35.59435612643294
35.59478241953213
35.59423448144324
35.59414779441826
35.5940891085088
35.5937539336889
35.593802339619415
35.59311124143471
35.59331295916318
35.59296428350753
35.59262118894023
35.591682248774305
35.59183564080811
35.59143422260802
35.5918854286426
35.591588332997965
35.59183226201276
35.59187540453545
35.5912025027542
35.59148201596096
35.59057506403584
35.591437742899245
35.59102348612716
35.59054979262997
35.5911431676976
35.590668983474416
35.591226097217564
35.5912610090683
35.59125345182896
35.59098401097908
35.591643601390324
35.59126888869983
35.591216444954384
35.591899088615605
35.59195554661201
35.59174340687139
35.59130891423926
35.59137668223789
35.59198381890359
35.592072895440054
35.591687157445136
35.591314164232486
35.59174661408579
35.59214153971417
35.59237557218545
35.592266764216895
35.59164247945254
35.59158965253336
35.59135341870859
35.591688498960195
35.5915054223608
35.59139438509695
35.591260440641285
35.59048113194345
35.59048203551612
35.58992992077768
35.590541688536284
35.59019986691963
35.59048157728319
35.589805308417006
35.59040571832206
35.59012825629701
35.58998318280825
35.58986641231334
35.58967836249584
35.58956365387867
35.58914822085263
35.58877210596427
35.588983864222755
35.587820946940816
35.58854229558433
35.58777875275987
35.58790880749167
35.58761388131618
35.58719811986303
35.58771699680572
35.587029794949345
35.58721859557614
35.5867536740101
35.58688537791559
35.586845038810665
35.58706255969673
35.58618444860022
35.58601702433921
35.58585800939788
35.5855257670359
35.58585652100377
35.585091323913204
35.58507200437438
35.58543278041909
35.58518992824884
35.58537567863679
35.584694073231155
35.585173249247944
35.5850532648
35.584391934608554
35.584085105726366
35.58429492941157
35.5839636010958
35.58406553813231
35.58351604493279
35.583920258065035
35.58410096092035
35.58349955501666
35.58302640606224
35.58318260317014
35.583246841775406
35.582502978010375
35.58258533086879
35.582662304761264
35.58284854261396
35.58216266444602
35.58211026142969
35.582174982635394
35.581866426206076
35.58162166071157
35.5811960194819
35.581135953220496
35.58047382994543
35.58033427616785
35.58015294902043
35.58042441145982
35.58010197214689
35.57998470813227
35.57984643303678
35.579688405902516
35.58013070005408
35.57982796564241
35.57935622209732
35.579611483709954
35.57984040949326
35.57907793465152
35.579553648946856
35.57890188334325
35.5795165918098
35.57920941184228
35.579441244536156
35.57947976834038
35.579485130380135
35.578810627722945
35.57865572070026
35.578692203039466
35.578354972907114
35.57835576550589
35.57813978963026
35.57819386566165
35.57767614554349
35.57790036479371
35.5777779399668
35.577806810652454
35.57753433253107
35.57753795432713
35.57735898566502
35.57712943053343
35.57673370353439
35.57679373908673
35.57671998201843
35.576498708701706
35.576212945474694
35.57624767397076
35.5755956766462
35.57581360937243
35.57504152238726
35.57597526915377
35.574251754376846
35.574677406896
35.574368962009764
35.574054820071616
35.573925338099556
35.573659778342375
35.57378153569422
35.57328857143268
35.57363575316872
35.57346669547198
35.573909733247284
35.57373151737758
35.57386558001952
35.574213274655
35.57377024341344
35.57407578909694
35.5735729622384
35.57397685090933
35.57378962521808
35.5732279267434
35.572883347811455
35.572359113596896
35.57227414731027
35.571708559242126
35.57142685869377
35.571114265960915
35.570629493315614
35.570428106352956
35.56998974201346
35.57010515469736
35.570376579593876
35.569671556822605
35.56998679698221
35.56995234981641
35.570318476355325
35.56901203901241
35.56881507689614
35.569311982035096
35.568556762980045
35.568570116536684
35.56845474335514
35.56816273987828
35.568051471726456
35.56764749709648
35.56787355059675
35.56751758545073
35.56688945234277
35.56731279362423
35.566778993232965
35.56669563542731
35.565866665143886
35.566580181431355
35.56568047137033
35.56614310164092
35.565698771380056
35.56590106999923
35.56598053202115
35.56564934480808
35.565709219665884
35.56590820965663
35.56644880790873
35.56590369003513
35.56616012007971
35.56620505208693
35.5653100513416
35.56555422198264
35.56537525524715
35.565342693715955
35.56485875418129
35.565226546168
35.56466946152647
35.56465286437549
35.56443252251996
35.56366595214376
35.56428987292593
35.56367850630154
35.563447933671384
35.56333436668143
35.563406188429326
35.562924403188966
35.56274282116159
35.56289164655564
35.56269446488936
35.56222151572038
35.56213765833892
35.5618146285631
35.56271604260686
35.56188081335537
35.56240436243535
35.56142011259408
35.561952425911684
35.56155104529494
35.56174096934056
35.56182568421431
35.560351868620536
35.561105922330505
35.56052294838196
35.560557485879485
35.560905264594204
35.55985622637096
35.56017480567455
35.56048492145541
35.56032201833534
35.56019191053094
35.56013546330134
35.56031417573933
35.56025980538621
35.559635680507746
35.56046500005206
35.55934437610743
35.55904868078636
35.55885568773877
35.558743461871344
35.558898170850306
35.55896305628339
35.55879436191813
35.55834747678661
35.55835457306732
35.558662780827646
35.55824710461741
35.55887867902297
35.55768090819718
35.55840374065942
35.55911766499282
35.55849406386308
35.5587462754271
35.558563175971415
35.55822284345664
35.55811093607502
35.55862633363504
35.55827588167149
35.557480671557215
35.5572345347936
35.557174170986954
35.557080868307054
35.555783539999766
35.556006952059825
35.55558681810504
35.55536539236865
35.55504975485279
35.55485798474391
35.55524726122808
35.5547890541573
35.55454812857227
35.55432031468267
35.55426806187084
35.55342814136024
35.55308392101778
35.553392303870055
35.55371191688216
35.55410848592998
35.554349791734175
35.55481742117605
35.554681879518014
35.55529942635525
35.55519721106064
35.55513054119284
35.5552436397882
35.55487732682505
35.55432167495013
35.55428764363961
35.55388458035214
35.55390544257148
35.55401046965026
35.55384492925495
35.55299833373282
35.55302353566
35.55258725028621
35.55283193265285
35.55217558627429
35.55222667119818
35.55213813931474
35.55227484231645
35.55200292003114
35.55278168836702
35.55218403227127
35.55184275845762
35.5511229662312
35.55110469816919
35.55091161730943
35.55042816761713
35.55009059870592
35.54965474307298
35.54964689919552
35.5486486021486
35.54901494673149
35.54911220740873
35.548695164236854
35.548756049513926
35.54786833284545
35.5484284508553
35.54795909244007
35.547558029665865
35.547404536224974
35.54668772452488
35.547217732103604
35.54741888184594
35.54825688463352
35.54886718827548
35.54907058023199
35.54942293672273
35.5497888719854
35.54930949018632
35.55110290645711
35.5526309866258
35.55347969199249
35.55388019071495
35.55452231086586
35.55465465810009
35.55473217897414
35.555172118863545
35.555592744564365
35.555882621734185
35.555312306516235
35.55598254738118
35.55660336546975
35.55665320476517
35.55682830141682
35.55703113862207
35.55731286297429
35.55714522885173
35.557110399879654
35.556710547025745
35.556866335133584
35.556137677716016
35.55590192873014
35.55597173378539
35.55601768047992
35.55600283197019
35.555658758736925
35.55613387324979
35.55527462152984
35.55547806439671
35.555214522823604
35.55492930705908
35.554275178341925
35.55404537847462
35.55384637641919
35.55317326306788
35.55303128806308
35.5527322586584
35.55266074742331
35.55245159762594
35.551937540301914
35.55158609947761
35.5521853544364
35.551807318071845
35.551490602992935
35.55080362647304
35.5507379579578
35.54977731274895
35.54971230722178
35.54967968340519
35.549510346479785
35.54948754650026
35.54825998308837
35.54846880340121
35.54730841340148
35.5473446979924
35.54644797821118
35.546211718943376
35.545577889470586
35.54599202331866
35.54557057850434
35.54497964910488
35.544550469213554
35.54416769322265
35.544165349120114
35.54421716013144
35.54451289792637
35.54464272678678
35.544435005284875
35.543850569596486
35.543865988756146
35.54388033147023
35.54318474660229
35.54274812467133
35.542399878285536
35.5419964977621
35.541997626545594
35.541508451186814
35.54114515087534
35.54072859292228
35.54062129263046
35.540560167893474
35.54063394701345
35.53959119542952
35.539781293289906
35.53911677463758
35.5387530798529
35.539012141635574
35.53814801310395
35.537995872642576
35.5376352251683
35.5377472975901
35.536815633166945
35.537353289848284
35.53622044381577
35.53643758863124
35.53553211457058
35.53550015495578
35.53555823326046
35.53466372008527
35.53477867518348
35.534002450257645
35.534011086921936
35.53403270568428
35.53346495677934
35.53330526776383
35.53237736485283
35.53217572873906
35.53146079516053
35.53128431591246
35.532035653070785
35.53094975483131
35.531281334050384
35.53094160827422
35.53029873388711
35.53010121423703
35.529341907951036
35.53010806347092
35.52938370934108
35.52832561327386
35.52840509122142
35.529082182088416
35.52844806352095
35.52846311892243
35.528747405628415
35.52892933394371
35.52843499128393
35.52906102922569
35.52889932078368
35.52852272810708
35.52890200174054
35.52909370960347
35.529153904368755
35.52931164417461
35.528654913897846
35.529214966194175
35.528880707757054
35.52833969113535
35.527735305353744
35.5280636642152
35.528006393635586
35.52799098905874
35.52765488807916
35.52782389336292
35.527599075261634
35.52689318087554
35.526586437644546
35.52629257138846
35.526053907133026
35.525518603979236
35.525203702929126
35.52489719379338
35.52480810300834
35.524546054772955
35.524034607327394
35.52412079525879
35.52359691950434
35.523001406153895
35.522630988623234
35.52240927134677
35.521750733558086
35.52126460402684
35.52105022430207
35.52101030989461
35.5200215413231
35.52013675267352
35.51916959328579
35.52031750551286
35.5193603914454
35.51917508476587
35.519472597852854
35.51879265900358
35.51903703683843
35.518721157831195
35.51818753061802
35.518357387767594
35.51791363682497
35.51732359347473
35.51699255175447
35.51703316876222
35.516709977759234
35.516708265813925
35.516446751853
35.516051375691745
35.51610052795538
35.51540948513901
35.515267152620275
35.514552696399406
35.51445147584602
35.51436309984581
35.51391037680516
35.51382605165288
35.513412719589525
35.51324268010751
35.51321794699097
35.512396764416785
35.51192839752527
35.51099834131946
35.51095902562893
35.51016257605723
35.50981463362848
35.50995200740217
35.50992333413546
35.50970447025276
35.50909807954005
35.509530116735334
35.5088408043551
35.508333562270515
35.507849452889744
35.50746462586274
35.507370407350976
35.507190572624495
35.507058655357284
35.50694185185888
35.50696732770107
35.50675335728847
35.50651555272284
35.50624378159624
35.50642586337571
35.506387734231
35.50582048922702
35.5055129207621
35.50556225154648
35.50469658587631
35.50497723531987
35.503582087994175
35.50456335002038
35.503300729563506
35.50323310545682
35.50292832440833
35.50301337098531
35.503162658282115
35.50250256304158
35.50288443538188
35.50197560168854
35.50235833986748
35.5019476468702
35.501224522147574
35.50143233501055
35.50109453042132
35.5008508505595
35.50069636477278
35.50031972323802
35.5005854466419
35.49977903398615
35.49926013839767
35.4993753448064
35.49907870249339
35.4985137382814
35.49802725976798
35.498108353417734
35.497202284230966
35.49766725092673
35.49635906680304
35.49699635767933
35.496912263906296
35.4962247344891
35.49650235634877
35.495712485031525
35.49594200739432
35.495809089522325
35.49565945969929
35.4949829779627
35.49490585293932
35.49434062375979
35.49377381559286
35.49394176081754
35.493083277888665
35.49319047668918
35.49319003492437
35.49266023008075
35.49270653522256
35.491660511706215
35.49187823435927
35.49112838556488
35.49138339053186
35.49046327448135
35.49037617908272
35.48984675535829
35.48951549175166
35.48903011694948
35.48820279608291
35.48850408775414
35.487621878468715
35.48720835179295
35.487347804094185
35.487019083237115
35.48693432195469
35.486059761356834
35.48658921907502
35.485808842042466
35.48548488366655
35.48506525792548
35.48517530666252
35.48470626319803
35.48424859837234
35.48392607733604
35.483574009684276
35.48330630117596
35.4831694208231
35.48339882300948
35.48369578807035
35.48353336588276
35.48394255731162
35.48426836716671
35.48477293599822
35.484826447063455
35.484209403833795
35.48460951688347
35.4847976503693
35.48507147008512
35.48500324646521
35.48533415625146
35.485673007052945
35.484850607158236
35.48561463575002
35.485313967062254
35.48564028194236
35.48596797095952
35.486643604581616
35.4865499398256
35.485640046873094
35.48596047111671
35.486058965369494
35.48580473840928
35.48599939051962
35.485909343854566
35.48601924535084
35.48576939722344
35.485448295283604
35.485267507229764
35.48522776237764
35.484596185767934
35.48438261005661
35.48373275034897
35.483562888866985
35.4833609054429
35.48258056742072
35.48231382785824
35.48174571523466
35.48198598318707
35.48165901102931
35.48120275756888
35.48082612991609
35.48178083420815
35.480862457202996
35.48067979092499
35.48011800012336
35.479728157601876
35.478914054615565
35.478746483823336
35.47857976664089
35.47845830572916
35.47761207028982
35.47729430170086
35.47742561597481
35.47673091519177
35.47605794865831
35.476790946863744
35.47681916202414
35.47699386669839
35.47665468347602
35.47756195110856
35.47693548145536
35.47701231787031
35.47635156847186
35.47669912498676
35.476620768338144
35.47634202783586
35.476349040985184
35.476200766869155
35.475626956350574
35.47584204098512
35.47603940400525
35.47549741844858
35.476126313938565
35.47490995783163
35.4751842482758
35.47474437166376
35.474507805072165
35.47428659762017
35.47413651130978
35.473461986121265
35.47342821980454
35.473618115970844
35.47302943291429
35.47319105485335
35.4722581846281
35.47203321625461
35.4717923431252
35.471322728834124
35.470926599194925
35.470456252127754
35.470065172197984
35.46967590274322
35.46940461933894
35.46852585528277
35.46831643552177
35.46806798908533
35.46757691276514
35.467174009474284
35.46781376893888
35.4662052701175
35.4672138040837
35.46557069012766
35.46614785590507
35.46603054540308
35.4663470159624
35.465875097041454
35.46594337208363
35.46667945819204
35.46607877773563
35.466492693623294
35.46669728402162
35.466952729227444
35.467289465132474
35.46714223682325
35.46738518645733
35.46754506835468
35.46708059631508
35.4677747654553
35.46764224995823
35.467797180235976
35.46773469653465
35.46734283924875
35.46676302669275
35.46644793777554
35.466720287384334
35.466822521745044
35.46637908661249
35.46645732469334
35.46615000750133
35.46626899988706
35.46617971032991
35.46559436691589
35.464996322021214
35.46493050797048
35.464554730638234
35.46467977164068
35.46418516319568
35.46375144937228
35.4642811415216
35.463965255837536
35.4628783311566
35.463164959678
35.4628917605628
35.46231575608504
35.46152827938221
35.46236783472281
35.46158476429365
35.4618162770062
35.46101231458493
35.46081212128578
35.460962502170425
35.46036336708392
35.45995144437407
35.45988745786856
35.45873646424833
35.45924174787042
35.45907511545926
35.4589047873964
35.45862473418095
35.458067474620165
35.45816248598183
35.45784480459667
35.457424514448654
35.45658389902452
35.45679146450385
35.45639858581329
35.45565156492414
35.45559103217749
35.45541338495042
35.454820168245604
35.45382148472728
35.45371908544735
35.45293950707321
35.4531628469407
35.452336548634456
35.45224394510571
35.45164075590501
35.45184903902732
35.450049119563104
35.45071629176989
35.450432772561754
35.44951030993004
35.44982441419694
35.44919858064978
35.449016756506786
35.44811066735284
35.44826924779075
35.44798713584423
35.44801980370364
35.44775976435626
35.44693061671167
35.44765007065366
35.44663275301245
35.44672031062848
35.446465813298666
35.44628653818432
35.44633345795106
35.445836261931404
35.446097064261025
35.445867000831825
35.4459413584954
35.44532788490217
35.445176188756705
35.44566622547087
35.44461074004626
35.445249347106895
35.445849004256374
35.44514572430495
35.44481577253784
35.44479936573278
35.44529372062979
35.445341486539434
35.445072650342276
35.44515551628403
35.44522021260799
35.445385898470846
35.44581632609729
35.44555012831929
35.44542088886536
35.44497495693415
35.4455179180866
35.446553496848175
35.44589674015834
35.44581110586399
35.44539465765483
35.4455853079581
35.44526748157709
35.445093704729246
35.444786683465644
35.444374429835484
35.44408369442283
35.443705618080386
35.444055830865146
35.443353125431244
35.44344209005822
35.44300234696677
35.442500407196675
35.44251047984755
35.44253602862081
35.4419068673047
35.44095635871169
35.44035442412063
35.44035602564225
35.439810197451195
35.439336520176816
35.43860704813541
35.43793446134029
35.43698777173756
35.437021382505655
35.43590113813296
35.43580462317139
35.43476416306308
35.43512545921447
35.434167776991984
35.4338573262387
35.43339459981651
35.43270528740636
35.43258600854573
35.43204044914975
35.432427879131666
35.43127544021725
35.43124858567317
35.4309370162846
35.430354570785234
35.42979510939152
35.4293323681521
35.42895351675853
35.42861389628031
35.42848605818926
35.42845203139131
35.42729937558938
35.42811566009205
35.4275996685926
35.42759750262995
35.42799151378117
35.42806500928024
35.42753291839157
35.427174677669456
35.42816454340222
35.427464018661084
35.42696288979768
35.42724019814707
35.42721328933222
35.427520685674615
35.42725822472136
35.42667957277316
35.42683572867055
35.42589988679088
35.42598591270708
35.42585637798814
35.425419942660625
35.424448373443305
35.42442636680457
35.42503974210392
35.424046608788956
35.42405538520696
35.423793735699995
35.42362812313711
35.42337973784137
35.42311682757762
35.42266362929838
35.42272216585396
35.42223403440316
35.422337971329874
35.42231705259119
35.42178769655883
35.42185545268532
35.42140731421314
35.421541084051924
35.42051527435855
35.42014933878193
35.41973657959618
35.4196014423863
35.41852020806817
35.41863128730421
35.41836267173443
35.41808766065302
35.41787001494129
35.41766645808619
35.41809373530486
35.417334801945934
35.417363838970026
35.41739626722754
35.417539074191026
35.41683153584709
35.41583512818718
35.41584890645977
35.415312513456044
35.41453462563425
35.4145744526548
35.414175804804586
35.41307393081036
35.41231839734196
35.41217006452358
35.411850518530684
35.4119129137239
35.41084140774302
35.411045800493376
35.4101938028152
35.41040765949286
35.409813104807675
35.40959756330588
35.40924923635138
35.40887022440414
35.40910450670842
35.40820696342432
35.40828040432153
35.40773270896829
35.408058373158354
35.407543335028215
35.407170845792294
35.407772527215876
35.406778362891245
35.40706138962975
35.40657525087824
35.40645043442147
35.406133061723686
35.40551879995931
35.40485507823283
35.40448327762793
35.4043962874192
35.40406496805799
35.4045018038306
35.40328296136178
35.40303912965885
35.402641650333244
35.401734764128065
35.401998439612726
35.401089390452384
35.40081841144173
35.39981808914004
35.40049014093589
35.39930982177508
35.39990983900169
35.40001321851304
35.39942941189731
35.40053817513687
35.4004681636415
35.40183681550126
35.402357233085255
35.403032167074436
35.40415360678588
35.404069099648325
35.404732170658534
35.40556715780308
35.40637694524171
35.406793772873286
35.40672753666743
35.40738162185384
35.40732378599617
35.40768457618269
35.407377684150745
35.407374993999625
35.40680853659329
35.4063071836055
35.40636975762011
35.40671860455833
35.40645809323575
35.40568226999983
35.406109934973415
35.405498624617564
35.405013239321235
35.404028322657226
35.40401094663825
35.40377865386637
35.40363417181598
35.402880546794904
35.40212582378918
35.4011995085645
35.40018670033008
35.40000776090541
35.39941933688901
35.39916793858002
35.398634639486296
35.39809444488525
35.39741106017931
35.3969142701511
35.39683452234136
35.396236951943514
35.39554048057823
35.394727679448216
35.39454950072515
35.3940927250509
35.39377367132325
35.39345788991011
35.39260081981571
35.39265287061638
35.39227682016909
35.39183692794056
35.39213302845434
35.39165328245645
35.39152695861921
35.391061833190264
35.39052262857623
35.390927282595484
35.3904224922139
35.39077007700837
35.390002457000435
35.389826950671434
35.38959515788124
35.389310182425284
35.38919837406544
35.3890525594974
35.388903510620864
35.38810371109287
35.388342283902944
35.3876745569016
35.387677009957144
35.38694498761336
35.38642707124382
35.38595722550972
35.385290096527584
35.38478856271298
35.38428091954232
35.38360812794805
35.383153126137415
35.38301678835983
35.38251241106075
35.3831702654369
35.382506258851045
35.382329443009894
35.3820509418929
35.38128424717825
35.38138697396015
35.380694366439315
35.38105635265222
35.38028193840471
35.38082611524758
35.38120576074
35.38066958134882
35.38074412165824
35.380036196543074
35.380744730506294
35.379895491998965
35.37994801254608
35.38014305560069
35.37963714077366
35.37933266072886
35.37868238194838
35.37893531265289
35.37844553244017
35.377459990183084
35.37723928158776
35.37676080515073
35.377145472382765
35.37643931266084
35.376625924117235
35.376895354156204
35.37737751952544
35.37834044048916
35.37822118723096
35.37851072795581
35.378500295868434
35.37861783526737
35.37931437518872
35.37925233253552
35.37866457027248
35.378436318250074
35.378619710759835
35.37837688811553
35.37875595139375
35.377911771822056
35.37795781673067
35.37724143387858
35.37708314691486
35.37689114928496
35.375987357220026
35.3762557017251
35.374800746522
35.3747130312955
35.374465461392134
35.37378627340287
35.373505972570854
35.37308606621988
35.37266361413225
35.37112584887555
35.371341338704596
35.370239667032656
35.369889226223194
35.36937347900597
35.36905646562472
35.368794430641955
35.36767975547362
35.36797573485343
35.366932417240804
35.367241772677936
35.36641207030189
35.36560508428362
35.3660975162703
35.36549960553242
35.36483462682337
35.36458540333949
35.36443165247072
35.36371650301641
35.363108793036
35.36322886267796
35.362841288823056
35.3625981493416
35.36193332362264
35.361914125854796
35.36124214533872
35.36132550885228
35.36043308754562
35.36060233258889
35.360458670607954
35.35925199081816
35.35870852446777
35.35835789188546
35.357596997146096
35.35676181917893
35.35728043894676
35.35652030468312
35.356013982300816
35.35502034853356
35.35509098920508
35.353827877624255
35.35370814575201
35.35312643612794
35.35311757024259
35.352834304359945
35.351826445707005
35.35266280858595
35.351562298349556
35.351539265292224
35.351093750372144
35.351409307025435
35.35187613114601
35.351435559435785
35.351543147285845
35.35098118893362
35.35128993857362
35.3506071321767
35.351078767391954
35.35081493015629
35.35024783068694
35.35032496616572
35.34964538598499
35.3495175950423
35.34984817125479
35.348843481863945
35.34879724056381
35.34852998042136
35.348248862516684
35.3477970910234
35.34738477996107
35.34678623455784
35.34633721770821
35.34563698357566
35.34538725301934
35.34561659764451
35.34517467819555
35.34481578631437
35.34426460414548
35.34379591125411
35.34373516690178
35.343596432400375
35.34334067256272
35.34290602495404
35.34280815367437
35.3426204035916
35.342589835377
35.34211603030524
35.342038371619815
35.341920355367904
35.34149589975722
35.340966244424315
35.34056638553486
35.34046927367877
35.33965189838869
35.33976574771906
35.33893910342723
35.33952862247634
35.33889119636598
35.338855345931385
35.33869539302133
35.339206485801945
35.33936732772785
35.33942249750234
35.33922337991428
35.33850020501494
35.33839476453106
35.33818473468627
35.33739712022942
35.337926140614805
35.33738835163736
35.33772240543445
35.33711077483944
35.33702262940773
35.33662809259647
35.33634860560509
35.33621872049868
35.336248177183684
35.33628243179016
35.33587799500636
35.335622561889025
35.33572800499007
35.335274833803346
35.3353093322597
35.33565964569903
35.334488930107504
35.33372137148612
35.334112993814216
35.333781097322856
35.33282591795479
35.332494565358836
35.3319180884067
35.33172624529806
35.33073014173973
35.33046893662134
35.33080107694956
35.32992727752033
35.32891656173577
35.32856928723791
35.328155455030966
35.327251998893324
35.32683607971516
35.32546642268738
35.32570307690654
35.324506306190024
35.32487642199078
35.32428453279135
35.32434849272108
35.324875660078334
35.32413311488062
35.32449728557022
35.32423974320943
35.32448913477757
35.324819014347256
35.324499054808065
35.324432011889385
35.32411370264005
35.324784843013134
35.32498262410245
35.3249008739764
35.324553689874996
35.324354311743605
35.3242154668506
35.323973127680254
35.32397436361557
35.32381670577918
35.32329226397537
35.32323349790602
35.3223760182384
35.32197703666994
35.321909476045725
35.321097500405294
35.32122212362904
35.319882438498524
35.32016020227906
35.31899650939253
35.319350618242616
35.31876154597744
35.31860207663934
35.318746912946104
35.31833705076097
35.31885667127686
35.3185023344208
35.318304836500474
35.31843883770589
35.31802917918367
35.3180807709085
35.317858235006966
35.3184453610092
35.31775832224734
35.3178770857843
35.31744941299984
35.316298065676335
35.31701400266077
35.316148848182436
35.31558183280527
35.31527607969519
35.31496099113119
35.31463914216214
35.31369212468252
35.313667821252146
35.31276252650781
35.31174760881526
35.31142760296846
35.31177001182482
35.3112116974103
35.31057545966564
35.310797944005124
35.309582817823646
35.31016779693386
35.30956933843845
35.309354782628894
35.30840423962747
35.30772404330391
35.30737445030926
35.306684304599244
35.30629734670071
35.30574347454888
35.30574394087138
35.305839998074205
35.30493797016143
35.30534374642378
35.30490212767476
35.305011847370565
35.30405747641288
35.30362086335743
35.30414270033467
35.3042617819457
35.30420277812446
35.30383649884375
35.304318580995755
35.304120834398276
35.30397170841579
35.303595689356115
35.304089182083835
35.3035936276321
35.30326694203748
35.302895298912404
35.30295979857645
35.30313072578385
35.302810667483044
35.30256099310467
35.30183078339702
35.30114806726653
35.30073731023189
35.30016183407342
35.30021258789959
35.29925751434944
35.298806060017334
35.29771199851824
35.29746067589284
35.296763203197116
35.29667293961269
35.29564330199007
35.29576451664521
35.295280390531026
35.29495106783764
35.29462041994245
35.293606466034994
35.293686574834084
35.292663670292384
35.292588575050836
35.29142700467232
35.29142891185021
35.29070903707182
35.29062508886555
35.290244826746786
35.28981894061689
35.28993189238488
35.28936340388225
35.2891596401961
35.28868259669199
35.288403577543434
35.28752263240567
35.287947447191584
35.28661330829583
35.28710980312306
35.286434172873
35.2867346084344
35.2865568230919
35.2861715088907
35.28712748301656
35.28681979185264
35.28688522408529
35.28669822637431
35.286843636651994
35.286866255847
35.28732468021935
35.28738015945788
35.28687180806378
35.287567816008234
35.28735841155995
35.2873357811592
35.28758790898003
35.28733329833778
35.28678692618879
35.286649718841296
35.28589499245453
35.28559428794166
35.28504668833293
35.28457596292881
35.283811717724895
35.28363527067461
35.28288478764016
35.28244116772252
35.28189509364418
35.28158888269268
35.28117675810546
35.28070226097951
35.27993572418439
35.2797168255878
35.278813522555296
35.27929077404003
35.27805881123773
35.27781422116418
35.27711602013015
35.276722216573916
35.27602203768278
35.2756192674652
35.276172325759106
35.2754982446732
35.274887970887754
35.27534923848439
35.27496963873266
35.274619594977196
35.273575649313734
35.27418957899018
35.27407916674488
35.2735496108434
35.27342631969703
35.27410601532744
35.273395441868274
35.2732022068928
35.2728072894262
35.27286492488018
35.27260858567853
35.2723986269983
35.271395454719666
35.27082131254997
35.271644919315975
35.270629893271675
35.27004652738053
35.26940358172956
35.26987674444658
35.269414621752226
35.269347191422334
35.26909242672786
35.268927127340184
35.26826994708872
35.26827397273731
35.268093275273216
35.26736243114768
35.26699193128464
35.26645358139887
35.2662843779856
35.26618271450948
35.265439525204705
35.26494761487347
35.26449252373795
35.26496029061902
35.26452387401706
35.26498969487949
35.26453466922206
35.26470478028517
35.265575174552595
35.26534564773121
35.26509059689823
35.26566873614042
35.26525780144002
35.26555324094425
35.265054125849176
35.26506943550298
35.2652078623951
35.264432444232796
35.264160505026524
35.263407692097196
35.263505844848346
35.2628857683247
35.2628988276813
35.26196018681033
35.26245255884656
35.261246324948566
35.261744275542746
35.26080239479122
35.260557866766725
35.259416950634645
35.259188485029995
35.25903660321829
35.2580921338357
35.25724438727375
35.25806743211726
35.257704698247366
35.25752315562458
35.25670910340325
35.25670146054335
35.25610224722171
35.25593206027642
35.25514560008889
35.2551367824034
35.25381977185361
35.25412939195536
35.25395694210599
35.25357023863708
35.25339657365545
35.25293520108876
35.251888456175905
35.251874252088186
35.25145496858913
35.250948323280504
35.25011791480011
35.249526885370166
35.24930397355496
35.24962830353601
35.24873101130475
35.248270246093895
35.247509725457334
35.247601522120306
35.247032166913584
35.24675618561364
35.24654975705764
35.24585681907674
35.24688700248083
35.24638961451244
35.245326781923616
35.24499253252213
35.245021135214884
35.24441873466696
35.244124625532834
35.243705384000926
35.243941860171134
35.24309075092125
35.242738016814215
35.241876649290454
35.241470822738506
35.240442282905114
35.24094178478626
35.23978987025518
35.23973216772085
35.238765608884655
35.238439285697886
35.23790830356648
35.23802346287574
35.237393268123995
35.23629668398848
35.235984177570636
35.23531551286613
35.23502281983668
35.23451120478718
35.23333325218155
35.233388233194304
35.2324511468703
35.23255511770744
35.23120279893361
35.23181914098568
35.23112427244525
35.23152345556782
35.23106848335058
35.231295001040095
35.231223168034276
35.230781121317335
35.23142016453089
35.23089518401826
35.231898447114176
35.23201453025461
35.231798520662906
35.23217621308908
35.23187374612711
35.23124010059814
35.23104123033123
35.230261393467124
35.230252504346865
35.2299496120237
35.229954366796974
35.22902986085566
35.230415231238
35.229730444090194
35.2285711856222
35.22858933338827
35.228440112092244
35.227564915136554
35.227058488458034
35.226172130907074
35.22639957389557
35.225494154900765
35.22530525549159
35.225056535530726
35.22551277640368
35.22453797917852
35.22479888549291
35.22466728000691
35.22434744609228
35.22449560117542
35.224542581834385
35.22405663692146
35.224174212070885
35.22430023587246
35.224136455052594
35.22472641723496
35.22418462770311
35.22488146484327
35.22462515141089
35.2249485955598
35.22530305723551
35.225757354594165
35.22521865015845
35.22439525493422
35.22535928754977
35.22474743083505
35.224270630917374
35.22453942064961
35.223862652575654
35.22380426509366
35.22298902970991
35.22255519763297
35.22187293259206
35.222115023589105
35.22166235258483
35.221606506066266
35.220796593616505
35.22063740285474
35.219949471652654
35.219480263559944
35.219754598312875
35.2183129871251
35.218533283692224
35.217569262039696
35.21725320938244
35.21641521382788
35.216248730976126
35.21571330635349
35.21523018492488
35.214663440226886
35.2149371153586
35.214275555016286
35.21366504818452
35.21301738204888
35.212476711640704
35.21122335491726
35.211205579217186
35.2096668527484
35.20953314452332
35.208600935534776
35.20831942660771
35.2076845433795
35.206804413848275
35.20682769698097
35.20598908533465
35.20554245340626
35.206012586487184
35.205261314833805
35.20569000200553
35.204726044996534
35.20502371048699
35.204271210475724
35.20387873179993
35.204136163946096
35.20407011850323
35.20318769021404
35.202314756219735
35.20170894685726
35.20189325842466
35.200948135672306
35.200201248337244
35.199976094747974
35.20051462444303
35.1987258671617
35.19939829210856
35.199576571042726
35.19924485943236
35.19950653935719
35.199538672658484
35.1997352271768
35.198944536676
35.19938064935929
35.19909917172833
35.199072720065764
35.198835329326094
35.19929446872739
35.19926232264503
35.198885351035194
35.19880474880465
35.19871500204801
35.1980695360386
35.19776272752584
35.197427421563994
35.197540356608606
35.196658806668225
35.195893932922374
35.19522998062337
35.19468717801297
35.19396737031302
35.193979620394174
35.19296254346906
35.19267439944964
35.19187042093353
35.1914347927825
35.190456996146594
35.190233663879525
35.18946201648191
35.18886179045702
35.18769534183919
35.1870888930884
35.186412827489775
35.18641606098495
35.18544546874332
35.18498142458634
35.18447174479512
35.18419657446425
35.18300341439692
35.183406297263524
35.18234529511405
35.182586919390964
35.18154030300249
35.181642081674354
35.180715664839425
35.180190157341514
35.17988301898333
35.17847907783334
35.1778889965131
35.17764369353816
35.176971424001096
35.17662339425686
35.177113124400506
35.1767866458728
35.177140815249956
35.17724810658548
35.17682555759492
35.1770230664695
35.17678706925342
35.17601833118467
35.17602641891203
35.175760471809255
35.17458228301918
35.17498741910066
35.17408979330416
35.17391261074579
35.17337981407912
35.17390963735069
35.17268735730956
35.17271188885151
35.17198749924897
35.171984635978994
35.17155123441292
35.17121101676101
35.17142574172249
35.17053081110652
35.17016698147493
35.169196165302765
35.16986414605506
35.169513354466105
35.16866725673711
35.16814665607808
35.16810914937162
35.16768342313394
35.167262066020115
35.166341550837515
35.16621479957736
35.16567823498349
35.16493354676811
35.164696027349954
35.164039782821035
35.16420166904642
35.16272229267496
35.163103859223355
35.162116036563376
35.162008276686805
35.160898901856136
35.16086974620511
35.159699314097594
35.15913549439465
35.158691216598925
35.15773089580651
35.15717457689089
35.15640081926647
35.15628741045531
35.15551022013749
35.15503655367068
35.15405181178228
35.15374988499006
35.15367169828306
35.152951612493126
35.15343956926139
35.1526214334269
35.153479061407126
35.15252565525442
35.154342459956624
35.15506281991721
